84.731	118.53	77.263
85.17	118.2	77.91
85.527	117.84	78.596
85.755	117.51	79.347
85.896	117.23	80.137
86.008	116.95	80.934
86.101	116.57	81.69
86.173	116.1	82.397
86.222	115.56	83.054
86.268	115.01	83.701
86.322	114.45	84.343
86.391	113.88	84.972
86.449	113.26	85.556
86.482	112.59	86.09
86.509	111.9	86.579
86.558	111.18	87.033
86.624	110.43	87.448
86.666	109.67	87.819
86.661	108.87	88.142
86.612	108.07	88.423
86.548	107.26	88.69
86.471	106.45	88.946
86.425	105.63	89.181
86.421	104.81	89.391
86.428	103.97	89.555
86.409	103.12	89.642
86.352	102.27	89.642
86.24	101.42	89.613
86.079	100.59	89.551
85.898	99.757	89.46
85.707	98.934	89.342
85.503	98.118	89.197
85.239	97.329	89.01
84.912	96.572	88.793
84.542	95.841	88.558
84.144	95.13	88.309
83.716	94.446	88.037
83.27	93.792	87.723
82.805	93.163	87.387
82.314	92.538	87.083
81.772	91.929	86.838
81.199	91.343	86.61
80.611	90.766	86.397
79.987	90.197	86.295
79.347	89.639	86.339
78.676	89.132	86.459
77.989	88.649	86.593
77.292	88.165	86.649
76.592	87.683	86.659
75.894	87.199	86.642
75.203	86.706	86.608
74.5	86.23	86.566
73.804	85.745	86.508
73.152	85.202	86.457
72.499	84.659	86.406
71.896	84.073	86.28
71.358	83.487	85.978
70.841	82.927	85.599
