84.228	118.02	77.902
84.54	117.62	78.587
84.786	117.23	79.304
84.993	116.88	80.052
85.2	116.53	80.8
85.375	116.21	81.567
85.524	115.79	82.297
85.643	115.3	82.979
85.727	114.73	83.61
85.803	114.16	84.234
85.878	113.58	84.858
85.952	112.99	85.471
86.003	112.36	86.04
86.026	111.68	86.561
86.06	110.98	87.038
86.125	110.25	87.472
86.206	109.49	87.859
86.231	108.71	88.212
86.188	107.92	88.519
86.102	107.12	88.796
86.002	106.31	89.063
85.893	105.51	89.324
85.828	104.69	89.567
85.814	103.87	89.792
85.79	103.03	89.959
85.717	102.18	90.042
85.585	101.34	90.045
85.406	100.51	90.029
85.198	99.68	89.989
84.989	98.856	89.922
84.79	98.03	89.839
84.592	97.206	89.737
84.306	96.421	89.567
83.955	95.675	89.353
83.568	94.956	89.109
83.138	94.262	88.865
82.673	93.595	88.612
82.184	92.956	88.334
81.687	92.323	88.057
81.18	91.687	87.806
