90.091	113.04	64.381
90.345	112.61	65.073
90.465	112.31	65.86
90.432	112.21	66.705
90.357	112.27	67.551
90.249	112.53	68.353
90.126	112.92	69.1
89.979	113.19	69.894
89.785	113.34	70.711
89.558	113.49	71.517
89.367	113.76	72.302
89.218	114.06	73.084
89.112	114.33	73.883
89.038	114.6	74.688
89.008	114.95	75.463
89.049	115.38	76.201
89.141	115.79	76.939
89.203	116.1	77.729
89.234	116.32	78.553
89.207	116.38	79.402
89.135	116.28	80.244
89.038	116.07	81.065
88.934	115.8	81.865
88.831	115.42	82.621
88.749	114.99	83.35
88.731	114.49	84.042
88.778	113.94	84.689
88.826	113.39	85.335
88.895	112.8	85.945
88.951	112.17	86.523
88.946	111.51	87.062
88.981	110.9	87.653
89.04	110.28	88.235
89.106	109.6	88.754
89.159	108.86	89.165
89.224	108.08	89.506
89.298	107.27	89.78
89.368	106.44	89.973
89.438	105.6	90.079
89.541	104.75	90.124
89.678	103.91	90.107
89.832	103.07	90.058
