90.228	113.47	64.41
90.446	113.06	65.127
90.539	112.8	65.93
90.502	112.7	66.775
90.419	112.85	67.61
90.31	113.27	68.344
90.199	113.74	69.045
90.038	114.04	69.824
89.815	114.21	70.628
89.608	114.4	71.43
89.45	114.62	72.24
89.321	114.84	73.052
89.2	115.08	73.859
89.105	115.38	74.652
89.096	115.74	75.423
89.158	116.13	76.178
89.231	116.44	76.964
89.286	116.65	77.788
89.324	116.77	78.63
89.372	116.82	79.479
89.42	116.87	80.327
89.5	116.84	81.174
89.512	116.84	82.025
89.406	116.82	82.87
89.258	116.68	83.695
89.186	116.31	84.46
89.187	115.81	85.15
89.237	115.26	85.802
89.264	114.77	86.498
89.282	114.32	87.218
89.306	113.86	87.937
89.3	113.36	88.623
89.285	112.76	89.233
89.274	112.09	89.754
89.311	111.3	90.085
89.362	110.48	90.305
89.434	109.65	90.513
89.539	108.84	90.745
89.677	108.03	90.996
