85.317	124.66	110.89
84.552	125.03	110.85
83.774	125.38	110.87
82.974	125.66	110.93
82.154	125.88	110.97
81.333	126.07	110.87
80.531	126.26	110.67
79.761	126.42	110.34
79.043	126.52	109.9
78.379	126.56	109.37
77.727	126.54	108.83
77.103	126.45	108.26
76.553	126.27	107.63
76.084	126.04	106.96
75.665	125.78	106.27
75.354	125.38	105.59
75.184	124.86	104.93
75.013	124.35	104.27
74.956	123.77	103.65
75.097	123.17	103.06
75.387	122.55	102.55
75.773	121.91	102.14
76.207	121.29	101.76
76.68	120.68	101.39
77.144	120.04	101.07
77.532	119.32	100.83
77.894	118.58	100.6
78.297	117.87	100.36
78.735	117.2	100.07
79.165	116.52	99.776
79.536	115.78	99.558
79.806	114.99	99.421
79.899	114.14	99.473
80.013	113.29	99.497
80.135	112.45	99.509
80.251	111.6	99.54
80.374	110.76	99.577
80.496	109.91	99.615
80.599	109.07	99.677
80.669	108.22	99.751
80.704	107.37	99.76
80.706	106.52	99.704
80.71	105.66	99.652
80.721	104.81	99.613
80.732	103.96	99.576
80.752	103.11	99.537
80.794	102.25	99.497
80.869	101.4	99.472
80.972	100.56	99.467
81.079	99.709	99.484
81.105	98.856	99.513
81.051	98.005	99.549
80.981	97.156	99.609
80.925	96.31	99.708
80.897	95.465	99.826
80.942	94.615	99.891
81.067	93.77	99.882
81.254	92.939	99.832
81.498	92.122	99.775
81.781	91.32	99.707
