77.766	131.34	94.797
77.949	130.59	95.167
78.065	129.83	95.541
78.181	129.07	95.915
78.272	128.31	96.285
78.366	127.55	96.65
78.461	126.78	97.012
78.557	126.01	97.374
78.653	125.25	97.736
78.759	124.48	98.1
78.887	123.71	98.455
79.015	122.94	98.785
79.093	122.13	99.061
79.119	121.31	99.28
79.132	120.48	99.486
79.144	119.65	99.693
79.163	118.82	99.889
79.203	117.98	100.05
79.267	117.14	100.16
79.337	116.29	100.22
79.412	115.44	100.24
79.486	114.59	100.26
79.559	113.74	100.29
79.641	112.89	100.33
79.724	112.04	100.38
79.803	111.2	100.46
79.87	110.35	100.53
79.925	109.5	100.57
79.974	108.65	100.61
80.005	107.79	100.61
80.012	106.94	100.56
80.007	106.09	100.49
80.005	105.24	100.43
80.004	104.39	100.37
79.988	103.53	100.33
79.951	102.68	100.32
79.911	101.83	100.35
79.906	100.98	100.42
79.957	100.13	100.51
80.009	99.281	100.59
80.066	98.434	100.68
80.118	97.586	100.77
80.16	96.738	100.86
80.201	95.892	100.97
80.256	95.046	101.07
80.336	94.2	101.15
80.422	93.352	101.19
80.516	92.503	101.2
80.626	91.656	101.18
80.725	90.81	101.12
80.809	89.966	101.02
80.847	89.123	100.89
80.821	88.286	100.73
80.788	87.46	100.52
80.773	86.653	100.24
80.784	85.868	99.904
80.815	85.093	99.548
80.823	84.312	99.205
80.818	83.529	98.864
80.81	82.751	98.515
80.803	81.993	98.122
80.818	81.265	97.679
80.899	80.561	97.203
81.004	79.836	96.766
81.027	79.09	96.351
81	78.35	95.929
80.97	77.638	95.46
