87.175	155.05	107.81
86.401	154.7	107.75
85.626	154.37	107.66
84.849	154.04	107.56
84.09	153.73	107.34
83.405	153.42	106.94
82.843	153.09	106.39
82.344	152.7	105.83
81.869	152.23	105.3
81.392	151.73	104.81
80.93	151.21	104.31
80.527	150.67	103.79
80.129	150.11	103.29
79.687	149.56	102.81
79.223	148.99	102.38
78.754	148.4	101.99
78.268	147.8	101.64
77.753	147.22	101.29
77.211	146.67	100.93
76.646	146.14	100.57
76.086	145.66	100.15
75.542	145.24	99.647
75.008	144.87	99.099
74.488	144.52	98.526
73.993	144.16	97.936
73.521	143.8	97.324
73.103	143.4	96.7
72.766	142.92	96.082
72.525	142.37	95.486
72.424	141.76	94.897
72.492	141.09	94.367
72.772	140.42	93.927
73.195	139.78	93.558
73.698	139.17	93.237
74.227	138.55	92.975
74.773	137.92	92.806
75.334	137.28	92.733
75.876	136.63	92.765
76.418	135.97	92.797
76.921	135.28	92.82
77.34	134.55	92.978
77.674	133.82	93.265
77.912	133.11	93.671
78.175	132.39	94.048
78.399	131.68	94.458
78.576	130.97	94.892
78.719	130.25	95.325
78.831	129.51	95.741
78.909	128.75	96.132
78.996	127.99	96.507
79.09	127.23	96.872
79.186	126.46	97.234
79.282	125.69	97.596
79.382	124.93	97.962
79.491	124.17	98.33
79.602	123.4	98.69
79.685	122.62	99.012
79.724	121.81	99.279
79.728	120.98	99.499
79.732	120.16	99.72
79.737	119.33	99.941
79.757	118.5	100.13
79.799	117.66	100.29
79.86	116.82	100.41
79.931	115.97	100.5
80.008	115.13	100.59
80.085	114.28	100.68
80.162	113.44	100.78
80.243	112.59	100.86
80.327	111.75	100.95
80.413	110.9	101.03
80.48	110.05	101.07
80.53	109.2	101.09
80.563	108.34	101.09
80.579	107.49	101.07
80.574	106.64	101
80.571	105.79	100.96
80.582	104.93	100.94
80.592	104.08	100.92
80.583	103.23	100.9
80.562	102.37	100.89
80.548	101.52	100.9
80.553	100.67	100.95
80.549	99.816	101.02
80.51	98.966	101.09
80.452	98.119	101.17
80.424	97.27	101.26
80.421	96.421	101.35
80.45	95.574	101.45
80.497	94.729	101.57
80.555	93.885	101.68
80.602	93.035	101.75
80.651	92.183	101.78
80.682	91.33	101.78
80.69	90.477	101.73
80.672	89.628	101.65
80.601	88.787	101.52
80.48	87.957	101.37
80.314	87.145	101.16
80.111	86.361	100.89
79.907	85.597	100.57
79.8	84.827	100.22
79.739	84.059	99.857
79.671	83.294	99.486
79.598	82.538	99.097
79.448	81.826	98.652
79.262	81.158	98.156
79.167	80.486	97.641
79.186	79.76	97.194
79.18	79	96.806
79.122	78.242	96.418
79.099	77.503	95.992
79.161	76.791	95.527
