49.807	126.86	117.86
50.508	126.97	117.39
51.221	127.14	116.96
51.937	127.28	116.53
52.649	127.29	116.06
53.336	127.2	115.57
53.981	127	115.05
54.558	126.78	114.47
55.064	126.55	113.83
55.503	126.32	113.13
55.914	126.1	112.42
56.316	125.86	111.71
56.717	125.6	111
57.16	125.32	110.34
57.623	125	109.69
58.105	124.65	109.09
58.602	124.24	108.53
59.077	123.74	108.03
59.504	123.12	107.64
59.866	122.39	107.37
60.139	121.6	107.19
60.275	120.77	107.05
60.264	119.93	106.93
60.153	119.09	106.79
59.901	118.3	106.6
59.525	117.57	106.39
59.125	116.85	106.15
58.711	116.16	105.88
58.303	115.47	105.6
58.084	114.68	105.34
57.953	113.88	105.08
57.884	113.07	104.81
57.844	112.25	104.59
57.825	111.41	104.46
57.845	110.55	104.4
57.917	109.71	104.45
58.027	108.87	104.61
58.165	108.06	104.83
58.335	107.26	105.08
58.537	106.47	105.33
58.741	105.66	105.51
58.937	104.84	105.64
59.133	104.02	105.75
59.328	103.19	105.83
59.516	102.36	105.91
59.686	101.53	105.99
59.843	100.69	106.09
59.951	99.859	106.22
59.996	99.028	106.41
59.991	98.204	106.64
59.96	97.382	106.86
59.901	96.56	107.09
59.858	95.736	107.31
59.84	94.911	107.52
59.851	94.078	107.71
59.906	93.234	107.83
60.014	92.388	107.87
60.145	91.545	107.88
60.292	90.704	107.85
60.445	89.868	107.77
60.639	89.054	107.6
60.903	88.287	107.34
61.217	87.567	107
61.527	86.88	106.6
61.766	86.201	106.14
61.942	85.56	105.61
62.065	84.958	105.02
62.158	84.327	104.45
62.201	83.664	103.92
62.181	82.971	103.42
62.129	82.244	102.98
62.054	81.479	102.61
61.961	80.689	102.3
61.834	79.892	102.02
61.65	79.108	101.74
61.456	78.321	101.48
61.298	77.511	101.26
61.052	76.712	101.09
60.636	75.987	100.92
60.08	75.364	100.76
59.497	74.761	100.62
58.892	74.163	100.6
58.244	73.65	100.8
57.589	73.228	101.14
56.945	72.847	101.54
56.351	72.408	101.96
55.817	71.907	102.4
55.342	71.376	102.86
54.882	70.864	103.37
54.419	70.39	103.9
53.963	69.948	104.47
53.539	69.498	105.05
53.146	69.025	105.64
52.727	68.605	106.25
52.345	68.303	106.95
52.191	68.013	107.73
52.036	67.724	108.52
