50.406	128.11	119.04
50.99	128.42	118.5
51.675	128.57	118.02
52.369	128.61	117.54
53.061	128.57	117.04
53.741	128.45	116.55
54.367	128.25	116
54.933	127.99	115.43
55.457	127.68	114.83
55.911	127.36	114.19
56.313	127.05	113.5
56.685	126.75	112.8
57.056	126.45	112.09
57.418	126.13	111.39
57.786	125.79	110.7
58.187	125.45	110.03
58.615	125.08	109.4
59.055	124.66	108.8
59.482	124.19	108.23
59.875	123.63	107.73
60.249	122.93	107.41
60.594	122.17	107.24
60.848	121.36	107.11
60.963	120.52	107
60.933	119.68	106.89
60.829	118.84	106.74
60.623	118.04	106.54
60.332	117.27	106.31
59.988	116.53	106.07
59.599	115.82	105.82
59.231	115.09	105.56
59.008	114.31	105.32
58.887	113.5	105.07
58.833	112.68	104.83
58.831	111.85	104.66
58.898	111	104.57
58.992	110.15	104.58
59.065	109.31	104.71
59.12	108.48	104.92
59.227	107.67	105.15
59.386	106.86	105.38
59.556	106.05	105.6
59.729	105.25	105.82
59.916	104.45	106.04
60.13	103.64	106.2
60.355	102.82	106.3
60.555	101.99	106.38
60.723	101.16	106.48
60.852	100.33	106.61
60.919	99.494	106.79
60.928	98.669	107.01
60.914	97.846	107.23
60.875	97.023	107.46
60.827	96.199	107.67
60.794	95.371	107.88
60.775	94.54	108.07
60.783	93.704	108.24
60.821	92.865	108.39
60.895	92.023	108.52
61.006	91.182	108.61
61.147	90.34	108.64
61.316	89.506	108.57
61.523	88.691	108.42
61.767	87.896	108.23
62.033	87.117	108
62.316	86.373	107.69
62.619	85.707	107.26
62.9	85.103	106.72
63.153	84.519	106.16
63.394	83.926	105.59
63.599	83.291	105.06
63.721	82.616	104.56
63.754	81.919	104.07
63.726	81.204	103.6
63.661	80.47	103.17
63.542	79.705	102.81
63.344	78.929	102.52
63.092	78.163	102.24
62.83	77.401	101.96
62.574	76.633	101.7
62.289	75.865	101.46
61.99	75.067	101.42
61.756	74.273	101.62
61.616	73.49	101.93
61.679	72.761	102.37
61.854	72.122	102.9
62.012	71.499	103.47
62.15	70.881	104.04
62.302	70.288	104.63
62.162	69.489	104.89
61.917	68.674	104.96
61.644	67.87	105.03
61.341	67.112	105.27
61.049	66.438	105.71
60.778	65.835	106.24
60.537	65.312	106.87
60.296	64.789	107.5
60.127	64.374	108.22
60.056	64.037	109
60.048	63.724	109.8
60.043	63.373	110.57
