49.925	127.26	118.35
50.561	127.51	117.85
51.266	127.69	117.41
51.993	127.81	116.99
52.71	127.82	116.53
53.402	127.73	116.05
54.053	127.55	115.53
54.646	127.29	114.97
55.169	127.02	114.36
55.624	126.76	113.69
56.019	126.5	112.98
56.411	126.24	112.27
56.797	125.97	111.57
57.186	125.67	110.87
57.607	125.36	110.2
58.05	125.02	109.56
58.516	124.63	108.95
58.986	124.19	108.4
59.424	123.66	107.89
59.807	123.01	107.5
60.161	122.27	107.28
60.421	121.47	107.12
60.542	120.63	107
60.515	119.79	106.89
60.399	118.96	106.74
60.156	118.16	106.54
59.791	117.42	106.33
59.4	116.7	106.09
58.999	116	105.83
58.611	115.29	105.56
58.393	114.51	105.31
58.269	113.7	105.05
58.212	112.89	104.79
58.183	112.06	104.59
58.192	111.22	104.48
58.248	110.36	104.45
58.33	109.52	104.53
58.426	108.69	104.72
58.554	107.88	104.95
58.721	107.08	105.2
58.913	106.28	105.42
59.102	105.47	105.6
59.282	104.65	105.77
59.469	103.83	105.9
59.663	103	106.01
59.856	102.17	106.09
60.031	101.34	106.18
60.191	100.51	106.29
60.285	99.676	106.44
60.314	98.848	106.65
60.302	98.024	106.87
60.261	97.202	107.1
60.195	96.38	107.32
60.154	95.555	107.53
60.136	94.727	107.74
60.149	93.891	107.91
60.202	93.047	108.03
60.297	92.202	108.11
60.422	91.359	108.16
60.57	90.518	108.17
60.736	89.684	108.09
60.942	88.872	107.93
61.211	88.107	107.66
61.511	87.37	107.35
61.807	86.661	106.98
62.069	85.987	106.53
62.278	85.355	106
62.448	84.758	105.41
62.589	84.145	104.84
62.677	83.496	104.29
62.692	82.815	103.78
62.66	82.096	103.32
62.599	81.345	102.92
62.513	80.569	102.58
62.362	79.783	102.28
62.157	79.007	101.99
61.926	78.233	101.72
61.725	77.437	101.49
61.512	76.63	101.31
61.188	75.851	101.19
60.756	75.123	101.09
60.251	74.442	101.02
59.677	73.817	100.95
59.077	73.215	100.93
58.516	72.591	101.07
57.956	71.997	101.31
57.358	71.469	101.61
56.779	70.977	101.99
56.201	70.485	102.37
55.672	69.98	102.81
55.184	69.459	103.27
54.743	68.92	103.76
54.336	68.406	104.31
53.962	67.903	104.88
53.631	67.393	105.48
53.354	66.889	106.11
53.123	66.395	106.76
52.97	65.942	107.47
52.847	65.529	108.2
52.733	65.132	108.95
52.586	64.737	109.69
52.403	64.35	110.42
52.22	63.973	111.16
52.059	63.601	111.91
51.888	63.214	112.65
