94.544	39.869	71.591
95.133	40.374	71.94
95.719	40.893	72.271
96.288	41.432	72.603
96.833	41.977	72.963
97.396	42.452	73.387
97.975	42.882	73.839
98.573	43.273	74.299
99.187	43.635	74.761
99.805	43.989	75.225
100.41	44.387	75.665
101	44.861	76.062
101.58	45.384	76.396
102.15	45.943	76.681
102.71	46.533	76.934
103.24	47.154	77.17
103.74	47.805	77.404
104.18	48.49	77.646
104.59	49.203	77.883
104.97	49.925	78.118
105.36	50.647	78.355
105.77	51.365	78.565
106.19	52.083	78.734
106.65	52.793	78.836
107.14	53.489	78.871
107.63	54.189	78.891
108.1	54.893	78.923
108.57	55.607	78.961
108.98	56.352	79.017
109.32	57.129	79.099
109.66	57.905	79.199
109.96	58.691	79.324
110.23	59.491	79.448
110.46	60.302	79.57
110.65	61.124	79.706
110.8	61.957	79.82
110.93	62.796	79.901
111.04	63.64	79.965
111.12	64.489	80.009
111.17	65.341	80.003
111.18	66.194	79.971
111.15	67.046	79.926
111.08	67.896	79.867
111	68.743	79.797
110.9	69.587	79.718
110.77	70.43	79.661
110.6	71.264	79.627
110.36	72.084	79.609
110.07	72.888	79.624
109.75	73.678	79.681
109.41	74.457	79.737
109.05	75.226	79.795
108.66	75.984	79.867
108.21	76.704	79.974
107.69	77.362	80.126
107.14	77.985	80.307
106.58	78.593	80.507
106.01	79.196	80.701
105.42	79.793	80.868
104.81	80.371	80.999
104.16	80.916	81.084
103.49	81.441	81.131
102.83	81.965	81.177
102.16	82.489	81.223
101.49	83.013	81.269
100.8	83.521	81.295
100.1	83.999	81.285
99.372	84.437	81.238
98.629	84.85	81.21
97.877	85.247	81.197
97.115	85.625	81.166
96.35	85.994	81.127
95.588	86.37	81.108
94.826	86.745	81.144
94.067	87.117	81.24
93.302	87.466	81.368
92.51	87.752	81.484
91.698	87.977	81.596
90.872	88.155	81.68
90.034	88.288	81.712
89.189	88.377	81.714
88.345	88.44	81.783
87.508	88.484	81.92
86.668	88.489	82.042
85.824	88.439	82.116
84.984	88.321	82.151
84.162	88.112	82.184
83.358	87.841	82.233
82.561	87.551	82.277
81.771	87.241	82.302
80.991	86.907	82.329
80.221	86.558	82.412
79.469	86.182	82.531
78.726	85.787	82.652
77.987	85.392	82.788
77.252	84.989	82.932
76.518	84.587	83.075
75.791	84.156	83.166
75.082	83.69	83.206
74.395	83.189	83.221
73.718	82.675	83.243
73.058	82.139	83.244
72.421	81.577	83.203
71.806	80.998	83.104
71.204	80.412	82.972
70.627	79.804	82.824
70.088	79.16	82.686
69.583	78.479	82.607
69.094	77.784	82.56
68.611	77.086	82.49
68.133	76.39	82.376
67.684	75.681	82.229
67.283	74.948	82.064
66.901	74.211	81.873
66.521	73.475	81.672
66.191	72.722	81.445
65.937	71.947	81.197
65.765	71.15	80.945
65.662	70.342	80.691
65.627	69.524	80.45
65.653	68.697	80.241
65.763	67.868	80.066
65.995	67.059	79.923
66.246	66.26	79.757
66.501	65.463	79.59
66.775	64.665	79.459
67.091	63.879	79.359
67.451	63.11	79.274
67.842	62.357	79.185
68.276	61.631	79.073
68.745	60.93	78.944
69.247	60.258	78.792
69.786	59.615	78.641
70.345	58.985	78.512
70.911	58.351	78.442
71.484	57.72	78.444
72.067	57.103	78.518
72.647	56.503	78.687
73.209	55.911	78.93
73.764	55.28	79.073
74.328	54.647	79.161
74.929	54.047	79.235
75.513	53.427	79.236
76.087	52.807	79.12
76.68	52.233	78.912
77.33	51.746	78.656
77.968	51.259	78.37
78.592	50.764	78.071
79.234	50.265	77.817
79.845	49.764	77.5
80.381	49.271	77.058
80.861	48.836	76.505
81.327	48.498	75.878
81.805	48.216	75.233
82.295	47.965	74.583
82.784	47.758	73.919
83.269	47.537	73.255
83.777	47.205	72.658
84.311	46.745	72.18
84.872	46.22	71.812
