93.651	50.942	74.521
94.482	51.061	74.391
95.307	51.222	74.275
96.092	51.543	74.323
96.786	52.001	74.496
97.454	52.49	74.691
98.116	52.986	74.886
98.778	53.489	75.066
99.429	53.987	75.288
100.04	54.462	75.637
100.61	54.938	76.048
101.14	55.399	76.533
101.65	55.887	77.008
102.2	56.4	77.408
102.72	56.952	77.785
103.16	57.596	78.131
103.49	58.324	78.423
103.87	59.061	78.625
104.38	59.732	78.743
104.99	60.324	78.823
105.64	60.871	78.844
106.25	61.456	78.779
106.86	62.05	78.699
107.46	62.651	78.658
107.96	63.333	78.606
108.28	64.124	78.536
108.52	64.936	78.463
108.71	65.766	78.39
108.81	66.608	78.298
108.88	67.455	78.216
108.88	68.304	78.129
108.8	69.15	78.038
108.69	69.995	77.994
108.54	70.835	77.992
108.35	71.668	78.009
108.14	72.495	78.037
107.89	73.311	78.089
107.62	74.118	78.148
107.32	74.915	78.203
106.98	75.697	78.239
106.57	76.443	78.237
106.08	77.141	78.235
105.52	77.784	78.26
104.91	78.386	78.281
104.28	78.958	78.303
103.63	79.502	78.33
102.95	80.013	78.361
102.26	80.514	78.394
101.57	81.013	78.447
100.88	81.501	78.529
100.16	81.946	78.615
99.404	82.326	78.694
98.666	82.733	78.809
97.938	83.154	78.941
97.199	83.558	79.058
96.424	83.899	79.133
95.62	84.169	79.191
94.807	84.387	79.309
94.002	84.574	79.506
93.2	84.737	79.734
92.374	84.867	79.881
91.533	84.955	79.959
90.688	85.033	80.004
89.844	85.119	80.021
88.999	85.203	80.029
88.154	85.253	80.094
87.314	85.269	80.216
86.469	85.295	80.3
85.621	85.333	80.331
84.773	85.348	80.337
83.925	85.299	80.346
83.083	85.19	80.367
82.249	85.048	80.433
81.422	84.884	80.536
80.608	84.661	80.621
79.814	84.362	80.67
79.049	83.995	80.702
78.296	83.604	80.748
77.556	83.189	80.781
76.816	82.773	80.815
76.088	82.334	80.817
75.375	81.872	80.796
74.685	81.377	80.77
74.011	80.859	80.761
73.341	80.335	80.768
72.673	79.81	80.799
72.016	79.274	80.859
71.386	78.706	80.919
70.792	78.101	80.994
70.231	77.466	81.074
69.698	76.806	81.142
69.194	76.12	81.18
68.737	75.401	81.167
68.343	74.648	81.105
67.977	73.885	81.011
67.616	73.122	80.893
67.276	72.353	80.75
66.993	71.57	80.563
66.785	70.772	80.347
66.636	69.963	80.12
66.539	69.147	79.89
66.535	68.321	79.675
66.675	67.502	79.477
66.934	66.715	79.273
67.23	65.939	79.077
67.557	65.171	78.9
67.89	64.402	78.737
68.247	63.646	78.567
68.645	62.91	78.399
69.078	62.194	78.233
69.574	61.518	78.075
70.109	60.878	77.901
70.669	60.264	77.713
71.246	59.653	77.572
71.803	59.011	77.509
72.345	58.353	77.483
72.87	57.682	77.461
73.401	57.018	77.525
73.952	56.412	77.759
74.507	55.871	78.113
75.076	55.307	78.401
75.693	54.745	78.572
76.335	54.188	78.623
76.978	53.634	78.554
77.628	53.108	78.392
78.274	52.604	78.16
78.902	52.103	77.878
79.499	51.586	77.56
80.101	51.094	77.211
80.682	50.64	76.786
81.229	50.22	76.287
81.751	49.811	75.753
82.271	49.414	75.208
82.811	49.067	74.648
83.369	48.787	74.07
83.917	48.591	73.449
84.484	48.283	72.895
85.057	47.776	72.52
