93.769	40.395	83.195
94.399	40.953	83.316
95.069	41.446	83.492
95.712	41.966	83.691
96.338	42.501	83.902
96.957	43.029	84.148
97.557	43.567	84.42
98.153	44.127	84.655
98.746	44.711	84.83
99.331	45.321	84.929
99.955	45.898	84.932
100.59	46.455	84.815
101.21	47.002	84.626
101.85	47.518	84.397
102.48	47.998	84.097
103.07	48.541	83.82
103.59	49.185	83.616
104.07	49.859	83.421
104.53	50.556	83.239
104.96	51.279	83.107
105.34	52.04	83.024
105.68	52.814	82.938
106.04	53.584	82.856
106.41	54.348	82.794
106.79	55.108	82.738
107.17	55.869	82.688
107.54	56.636	82.659
107.92	57.4	82.644
108.31	58.159	82.626
108.67	58.93	82.624
108.99	59.72	82.666
109.29	60.517	82.72
109.55	61.329	82.77
109.75	62.157	82.811
109.9	62.997	82.843
109.98	63.846	82.867
110.01	64.699	82.857
109.97	65.551	82.807
109.87	66.396	82.73
109.72	67.231	82.649
109.48	68.049	82.573
109.22	68.859	82.506
108.95	69.664	82.441
108.66	70.464	82.373
108.32	71.248	82.337
107.93	72.007	82.342
107.48	72.73	82.375
106.99	73.425	82.407
106.46	74.094	82.462
105.91	74.732	82.577
105.32	75.343	82.686
104.71	75.925	82.75
104.05	76.472	82.792
103.39	77.006	82.829
102.75	77.57	82.85
102.13	78.149	82.862
101.5	78.727	82.875
100.86	79.287	82.908
100.21	79.827	82.949
99.536	80.352	82.995
98.834	80.828	83.056
98.099	81.251	83.126
97.339	81.628	83.178
96.563	81.977	83.193
95.779	82.304	83.203
94.99	82.62	83.214
94.193	82.916	83.204
93.385	83.175	83.162
92.558	83.367	83.133
91.718	83.493	83.123
90.875	83.594	83.123
90.031	83.691	83.124
89.187	83.783	83.122
88.343	83.874	83.122
87.498	83.965	83.122
86.654	84.051	83.133
85.809	84.13	83.162
84.963	84.179	83.215
84.117	84.157	83.287
83.277	84.065	83.371
82.446	83.912	83.453
81.629	83.7	83.541
80.833	83.42	83.641
80.069	83.062	83.739
79.343	82.629	83.827
78.637	82.16	83.889
77.945	81.668	83.92
77.276	81.143	83.944
76.644	80.575	83.971
76.048	79.969	84.003
75.486	79.332	84.05
74.959	78.668	84.131
74.457	77.984	84.211
73.973	77.288	84.289
73.511	76.579	84.384
73.078	75.857	84.513
72.659	75.13	84.66
72.237	74.401	84.788
71.814	73.669	84.9
71.4	72.933	85.009
71.009	72.188	85.145
70.64	71.438	85.313
70.309	70.667	85.465
70.021	69.872	85.57
69.777	69.056	85.629
69.575	68.229	85.676
69.421	67.391	85.721
69.32	66.543	85.742
69.276	65.691	85.729
69.293	64.838	85.695
69.361	63.988	85.652
69.429	63.138	85.609
69.529	62.292	85.545
69.701	61.457	85.494
69.962	60.646	85.447
70.264	59.853	85.354
70.594	59.071	85.258
70.94	58.302	85.128
71.3	57.55	84.946
71.741	56.832	84.816
72.215	56.132	84.704
72.671	55.423	84.574
73.108	54.695	84.488
73.549	53.965	84.494
73.98	53.231	84.558
74.403	52.493	84.613
74.834	51.76	84.678
75.271	51.031	84.761
75.691	50.295	84.853
76.167	49.601	84.991
76.735	48.992	85.173
77.393	48.5	85.395
78.111	48.044	85.424
78.792	47.622	85.136
79.432	47.213	84.752
80.053	46.747	84.404
80.655	46.22	84.11
81.24	45.634	83.909
81.799	44.997	83.821
82.333	44.333	83.806
82.832	43.641	83.828
83.287	42.921	83.866
83.693	42.172	83.902
84.037	41.39	83.892
84.326	40.587	83.863
84.601	39.783	83.793
