102.36	51.826	89.04
102.8	52.36	88.551
103.26	52.902	88.076
103.72	53.458	87.63
104.18	54.025	87.191
104.64	54.57	86.72
105.08	55.116	86.244
105.53	55.663	85.767
105.97	56.248	85.335
106.41	56.883	84.981
106.84	57.565	84.707
107.27	58.269	84.493
107.72	58.975	84.322
108.14	59.701	84.175
108.54	60.443	84.049
108.93	61.194	83.96
109.29	61.964	83.901
109.59	62.764	83.853
109.81	63.586	83.795
109.98	64.42	83.74
110.08	65.268	83.713
110.09	66.121	83.695
110.02	66.972	83.678
109.87	67.812	83.664
109.65	68.636	83.658
109.35	69.436	83.667
109.02	70.222	83.661
108.65	70.991	83.629
108.23	71.736	83.581
107.76	72.445	83.553
107.23	73.112	83.541
106.66	73.743	83.541
106.06	74.354	83.574
105.45	74.933	83.663
104.79	75.464	83.789
104.11	75.975	83.855
103.43	76.478	83.882
102.74	76.986	83.895
102.1	77.539	83.894
101.5	78.144	83.886
100.92	78.767	83.878
100.31	79.364	83.894
99.675	79.933	83.924
99.009	80.462	83.968
98.302	80.932	84.016
97.563	81.351	84.074
96.806	81.729	84.15
96.027	82.071	84.181
95.235	82.377	84.175
94.435	82.665	84.158
93.633	82.946	84.134
92.827	83.213	84.096
92.006	83.429	84.063
91.17	83.577	84.043
90.327	83.673	84.033
89.483	83.767	84.025
88.639	83.861	84.016
87.794	83.947	84.028
86.949	84.022	84.062
86.103	84.08	84.108
85.256	84.114	84.152
84.408	84.124	84.197
83.564	84.082	84.278
82.728	83.991	84.391
81.904	83.829	84.518
81.102	83.578	84.643
80.328	83.246	84.753
79.57	82.877	84.858
78.834	82.468	84.966
78.112	82.03	85.063
77.391	81.583	85.117
76.681	81.117	85.139
76.004	80.603	85.165
75.365	80.044	85.202
74.762	79.445	85.249
74.202	78.807	85.308
73.664	78.149	85.348
73.109	77.503	85.333
72.53	76.882	85.278
71.994	76.221	85.281
71.479	75.543	85.307
70.956	74.872	85.319
70.443	74.193	85.328
69.963	73.49	85.358
69.515	72.767	85.415
69.091	72.032	85.488
68.673	71.293	85.559
68.252	70.552	85.589
67.86	69.799	85.519
67.503	69.037	85.383
67.187	68.267	85.201
66.921	67.495	84.954
66.71	66.734	84.633
66.567	65.986	84.248
66.489	65.229	83.862
66.464	64.466	83.482
66.477	63.701	83.103
66.499	62.923	82.753
66.586	62.136	82.436
66.781	61.359	82.141
67.168	60.63	81.925
67.686	59.967	81.788
68.236	59.322	81.693
68.78	58.671	81.618
69.35	58.04	81.549
69.937	57.427	81.483
70.512	56.8	81.431
71.057	56.145	81.403
71.597	55.485	81.386
72.104	54.8	81.388
72.561	54.08	81.411
72.987	53.342	81.454
73.397	52.594	81.483
73.773	51.828	81.47
74.12	51.05	81.425
74.444	50.262	81.366
74.659	49.44	81.289
74.732	48.596	81.181
74.676	47.758	81.031
74.555	46.927	80.878
74.443	46.094	80.73
74.434	45.262	80.536
74.624	44.472	80.276
