95.265	39.568	70.676
95.767	40.135	71.063
96.257	40.721	71.439
96.732	41.322	71.81
97.228	41.878	72.221
97.754	42.353	72.692
98.303	42.75	73.206
98.868	43.112	73.727
99.462	43.451	74.232
100.07	43.736	74.752
100.68	44.065	75.247
101.27	44.487	75.69
101.85	44.978	76.066
102.46	45.508	76.34
103.05	46.075	76.576
103.58	46.699	76.802
104.07	47.361	77.02
104.52	48.05	77.245
104.92	48.762	77.489
105.29	49.487	77.729
105.7	50.206	77.941
106.12	50.921	78.123
106.57	51.63	78.272
107.04	52.33	78.383
107.55	53.012	78.427
108.07	53.689	78.46
108.58	54.367	78.511
109.09	55.045	78.562
109.59	55.731	78.613
110.09	56.424	78.671
110.57	57.116	78.765
111.03	57.815	78.92
111.41	58.55	79.138
111.69	59.321	79.365
111.88	60.126	79.576
112.01	60.942	79.789
112.11	61.764	79.992
112.22	62.591	80.179
112.26	63.423	80.364
112.27	64.264	80.511
112.25	65.114	80.588
112.21	65.967	80.599
112.15	66.818	80.591
112.06	67.667	80.567
111.96	68.514	80.521
111.85	69.358	80.458
111.71	70.198	80.395
111.53	71.033	80.356
111.33	71.861	80.332
111.06	72.673	80.352
110.75	73.465	80.431
110.42	74.238	80.558
110.08	75.015	80.666
109.72	75.785	80.764
109.33	76.528	80.908
108.88	77.226	81.108
108.41	77.889	81.357
107.93	78.535	81.646
107.44	79.169	81.934
106.9	79.769	82.198
106.3	80.333	82.432
105.66	80.857	82.632
105	81.368	82.792
104.33	81.878	82.91
103.66	82.401	82.96
102.99	82.922	83.007
102.3	83.428	83.05
101.61	83.918	83.087
100.89	84.37	83.089
100.15	84.784	83.053
99.389	85.168	82.987
98.633	85.551	82.921
97.877	85.934	82.855
97.119	86.315	82.789
96.361	86.695	82.723
95.603	87.075	82.657
94.837	87.442	82.625
94.065	87.798	82.644
93.285	88.134	82.691
92.484	88.412	82.741
91.665	88.632	82.789
90.834	88.806	82.817
89.994	88.936	82.823
89.15	89.024	82.824
88.304	89.091	82.863
87.459	89.137	82.937
86.614	89.132	83.01
85.77	89.069	83.082
84.936	88.939	83.168
84.118	88.741	83.283
83.316	88.503	83.428
82.52	88.237	83.561
81.736	87.949	83.712
80.968	87.63	83.885
80.212	87.281	84.054
79.47	86.898	84.211
78.736	86.491	84.341
78.001	86.086	84.476
77.266	85.688	84.627
76.53	85.273	84.72
75.801	84.841	84.774
75.081	84.391	84.819
74.396	83.894	84.896
73.747	83.346	84.936
73.131	82.76	84.94
72.526	82.163	84.889
71.929	81.56	84.827
71.342	80.945	84.797
70.767	80.318	84.807
70.211	79.676	84.853
69.684	79.007	84.873
69.182	78.32	84.839
68.701	77.628	84.716
68.238	76.944	84.509
67.799	76.259	84.259
67.391	75.55	84.018
66.999	74.826	83.8
66.628	74.099	83.556
66.355	73.353	83.246
66.122	72.599	82.923
65.878	71.839	82.623
65.668	71.065	82.333
65.543	70.276	82.034
65.484	69.483	81.723
65.463	68.677	81.444
65.518	67.86	81.203
65.621	67.045	80.969
65.758	66.238	80.729
65.948	65.435	80.507
66.213	64.639	80.352
66.513	63.847	80.248
66.87	63.077	80.155
67.291	62.342	80.052
67.753	61.633	79.949
68.239	60.938	79.854
68.746	60.258	79.767
69.293	59.612	79.666
69.866	58.989	79.569
70.438	58.362	79.493
71.014	57.735	79.462
71.594	57.111	79.484
72.159	56.474	79.533
72.682	55.802	79.563
73.19	55.117	79.558
73.709	54.441	79.542
74.208	53.751	79.493
74.633	53.029	79.332
75.045	52.325	79.082
75.456	51.65	78.762
75.856	51.056	78.299
76.241	50.582	77.705
76.615	50.203	77.04
77.001	49.843	76.372
77.415	49.511	75.706
77.829	49.179	75.04
78.269	48.887	74.373
78.7	48.648	73.679
79.129	48.44	72.974
79.573	48.236	72.277
80.008	48.034	71.574
80.434	47.831	70.866
80.86	47.624	70.158
81.289	47.411	69.455
81.792	47.052	68.869
82.344	46.571	68.434
82.912	46.038	68.09
