94.661	39.61	70.58
95.212	40.14	70.954
95.744	40.691	71.325
96.264	41.259	71.686
96.763	41.838	72.06
97.284	42.357	72.488
97.834	42.794	72.967
98.4	43.186	73.466
98.982	43.549	73.968
99.591	43.88	74.46
100.21	44.194	74.951
100.82	44.562	75.413
101.41	45.01	75.826
102.01	45.519	76.155
102.61	46.067	76.416
103.18	46.65	76.649
103.7	47.283	76.871
104.18	47.951	77.092
104.61	48.648	77.329
105	49.366	77.571
105.39	50.087	77.805
105.8	50.805	78.01
106.23	51.518	78.184
106.69	52.226	78.325
107.19	52.911	78.385
107.71	53.587	78.405
108.22	54.266	78.435
108.73	54.947	78.465
109.22	55.639	78.501
109.69	56.348	78.544
110.16	57.059	78.618
110.6	57.776	78.745
110.98	58.515	78.937
111.27	59.287	79.142
111.5	60.085	79.338
111.67	60.899	79.533
111.81	61.721	79.714
111.94	62.549	79.874
112.04	63.384	80.021
112.1	64.227	80.145
112.13	65.077	80.213
112.16	65.927	80.281
112.16	66.781	80.3
112.13	67.634	80.305
112.07	68.486	80.295
111.99	69.335	80.261
111.9	70.183	80.209
111.78	71.027	80.167
111.62	71.866	80.154
111.43	72.697	80.15
111.17	73.51	80.191
110.85	74.298	80.293
110.51	75.064	80.441
110.16	75.832	80.577
109.82	76.601	80.705
109.44	77.351	80.848
109.01	78.06	81.049
108.54	78.722	81.315
108.06	79.352	81.635
107.6	79.991	81.954
107.1	80.616	82.256
106.55	81.204	82.538
105.95	81.751	82.796
105.3	82.239	83.049
104.63	82.703	83.292
103.95	83.177	83.466
103.25	83.655	83.564
102.54	84.118	83.625
101.81	84.56	83.691
101.08	84.982	83.734
100.32	85.376	83.749
99.551	85.734	83.734
98.764	86.051	83.682
97.979	86.375	83.637
97.193	86.695	83.589
96.405	87.009	83.537
95.616	87.322	83.484
94.828	87.635	83.432
94.036	87.943	83.394
93.246	88.255	83.387
92.45	88.554	83.4
91.639	88.805	83.417
90.814	89.007	83.424
89.981	89.175	83.421
89.141	89.302	83.413
88.296	89.389	83.41
87.45	89.46	83.424
86.604	89.518	83.456
85.756	89.521	83.499
84.911	89.462	83.556
84.077	89.331	83.649
83.267	89.128	83.8
82.48	88.881	84.001
81.694	88.601	84.158
80.919	88.288	84.31
80.159	87.958	84.497
79.41	87.611	84.698
78.672	87.223	84.862
77.943	86.799	84.964
77.216	86.364	85.036
76.485	85.943	85.138
75.749	85.525	85.206
75.016	85.095	85.22
74.29	84.654	85.214
73.592	84.169	85.215
72.946	83.617	85.251
72.345	83.016	85.289
71.743	82.414	85.29
71.148	81.815	85.19
70.546	81.219	85.111
69.961	80.602	85.069
69.389	79.973	85.076
68.825	79.337	85.123
68.278	78.686	85.15
67.764	78.013	85.054
67.299	77.348	84.797
66.873	76.711	84.425
66.48	76.084	84.005
66.107	75.43	83.606
65.746	74.769	83.207
65.443	74.112	82.759
65.283	73.443	82.254
65.1	72.731	81.822
64.92	71.974	81.473
64.802	71.184	81.174
64.765	70.38	80.889
64.796	69.57	80.621
64.877	68.748	80.407
65.021	67.922	80.243
65.264	67.114	80.12
65.516	66.312	79.967
65.746	65.511	79.785
65.988	64.708	79.621
66.301	63.921	79.517
66.659	63.148	79.467
67.055	62.392	79.467
67.505	61.669	79.43
67.99	60.97	79.364
68.496	60.29	79.273
69.018	59.624	79.17
69.569	58.982	79.061
70.138	58.355	78.968
70.708	57.725	78.905
71.273	57.086	78.891
71.845	56.457	78.946
72.41	55.83	79.061
72.947	55.172	79.14
73.462	54.493	79.147
73.991	53.825	79.119
74.504	53.144	79.097
74.951	52.428	78.977
75.352	51.717	78.729
75.785	51.044	78.433
76.227	50.448	78.015
76.59	49.978	77.403
76.942	49.614	76.718
77.323	49.25	76.05
77.725	48.896	75.387
78.156	48.568	74.731
78.581	48.281	74.052
78.993	48.037	73.348
79.444	47.804	72.665
79.911	47.581	71.989
80.358	47.364	71.298
80.795	47.134	70.604
81.242	46.885	69.924
81.729	46.555	69.309
82.273	46.096	68.842
82.839	45.568	68.486
