93.438	37.441	75.752
93.839	37.448	76.502
94.245	37.491	77.248
94.657	37.572	77.988
95.073	37.693	78.72
95.535	37.903	79.402
96.033	38.241	80.003
96.55	38.736	80.463
97.061	39.336	80.785
97.538	40.005	81.008
97.981	40.717	81.154
98.411	41.453	81.153
98.845	42.181	81.069
99.302	42.897	81.006
99.785	43.593	81.09
100.31	44.248	81.25
100.84	44.892	81.411
101.37	45.531	81.598
101.88	46.161	81.861
102.36	46.778	82.196
102.85	47.413	82.48
103.36	48.079	82.618
103.86	48.766	82.607
104.35	49.467	82.554
104.79	50.191	82.495
105.2	50.937	82.456
105.58	51.699	82.422
105.96	52.46	82.364
106.37	53.204	82.305
106.81	53.933	82.257
107.26	54.656	82.203
107.69	55.384	82.14
108.1	56.132	82.116
108.49	56.891	82.124
108.88	57.65	82.148
109.25	58.414	82.179
109.6	59.192	82.244
109.93	59.971	82.341
110.23	60.76	82.45
110.47	61.57	82.567
110.67	62.391	82.684
110.82	63.223	82.804
110.88	64.065	82.93
110.89	64.916	83.002
110.82	65.767	83.017
110.68	66.609	82.994
110.49	67.44	82.956
110.23	68.253	82.912
109.95	69.056	82.867
109.64	69.852	82.815
109.31	70.637	82.752
108.94	71.402	82.71
108.51	72.139	82.697
108.02	72.841	82.712
107.51	73.518	82.734
106.96	74.173	82.777
106.39	74.798	82.881
105.8	75.402	82.998
105.18	75.983	83.067
104.54	76.542	83.108
103.89	77.081	83.152
103.25	77.643	83.196
102.63	78.235	83.225
102.03	78.839	83.246
101.42	79.433	83.266
100.78	79.994	83.299
100.12	80.53	83.341
99.449	81.047	83.389
98.738	81.513	83.44
97.997	81.929	83.473
97.237	82.312	83.485
96.468	82.673	83.491
95.691	83.019	83.521
94.907	83.345	83.543
94.11	83.64	83.53
93.299	83.892	83.491
92.473	84.088	83.476
91.635	84.231	83.491
90.795	84.351	83.507
89.952	84.457	83.509
89.108	84.548	83.504
88.263	84.628	83.507
87.417	84.697	83.52
86.57	84.747	83.565
85.726	84.776	83.647
84.884	84.764	83.756
84.047	84.697	83.884
83.219	84.58	84.03
82.402	84.391	84.167
81.606	84.126	84.295
80.833	83.799	84.421
80.077	83.429	84.541
79.322	83.058	84.661
78.591	82.642	84.781
77.868	82.207	84.877
77.147	81.76	84.935
76.433	81.3	84.949
75.755	80.788	84.974
75.111	80.233	85.011
74.504	79.64	85.057
73.94	79.005	85.115
73.389	78.357	85.149
72.826	77.718	85.136
72.263	77.082	85.092
71.748	76.404	85.099
71.25	75.714	85.127
70.742	75.031	85.137
70.242	74.342	85.14
69.771	73.632	85.161
69.328	72.906	85.209
68.906	72.169	85.277
68.486	71.431	85.342
68.066	70.689	85.349
67.679	69.934	85.271
67.329	69.169	85.132
67.017	68.398	84.946
66.752	67.628	84.692
66.544	66.87	84.361
66.401	66.112	83.997
66.316	65.344	83.635
66.283	64.571	83.277
66.278	63.798	82.915
66.291	63.015	82.575
66.352	62.221	82.267
66.501	61.431	81.981
66.896	60.705	81.769
67.415	60.044	81.628
67.98	59.412	81.537
68.542	58.775	81.469
69.113	58.145	81.41
69.708	57.538	81.349
70.298	56.926	81.298
70.859	56.285	81.269
71.404	55.63	81.254
71.926	54.955	81.252
72.395	54.244	81.277
72.83	53.51	81.309
73.248	52.767	81.345
73.633	52.006	81.342
73.98	51.227	81.295
74.294	50.437	81.223
74.524	49.62	81.129
74.618	48.781	81.001
74.564	47.949	80.82
74.458	47.125	80.623
74.4	46.301	80.409
74.43	45.477	80.187
74.647	44.703	79.901
