95.618	44.044	94.425
96.046	44.108	93.693
96.492	44.274	92.988
96.987	44.511	92.338
97.52	44.781	91.732
98.085	45.07	91.166
98.628	45.39	90.595
99.135	45.752	90.015
99.595	46.158	89.426
100.03	46.594	88.839
100.4	47.079	88.248
100.81	47.638	87.748
101.24	48.239	87.327
101.73	48.844	86.99
102.27	49.438	86.7
102.82	50.038	86.441
103.35	50.642	86.168
103.88	51.255	85.909
104.36	51.927	85.689
104.78	52.623	85.446
105.18	53.325	85.175
105.56	54.043	84.912
105.95	54.766	84.683
106.35	55.491	84.486
106.77	56.216	84.324
107.19	56.942	84.197
107.65	57.655	84.089
108.11	58.365	83.978
108.54	59.091	83.887
108.97	59.825	83.837
109.39	60.565	83.819
109.77	61.33	83.808
110.1	62.113	83.804
110.41	62.91	83.817
110.64	63.73	83.871
110.78	64.565	83.982
110.83	65.411	84.08
110.74	66.257	84.143
110.58	67.095	84.201
110.35	67.914	84.252
110.03	68.707	84.308
109.68	69.48	84.338
109.27	70.234	84.328
108.84	70.965	84.284
108.34	71.654	84.251
107.77	72.291	84.221
107.15	72.87	84.206
106.5	73.421	84.225
105.82	73.936	84.294
105.13	74.424	84.35
104.42	74.893	84.367
103.7	75.353	84.341
102.99	75.816	84.295
102.31	76.32	84.237
101.69	76.904	84.188
101.09	77.513	84.191
100.47	78.09	84.219
99.81	78.631	84.259
99.11	79.113	84.305
98.371	79.532	84.356
97.606	79.898	84.414
96.822	80.226	84.439
96.023	80.516	84.424
95.215	80.776	84.387
94.406	81.034	84.361
93.596	81.292	84.334
92.777	81.516	84.303
91.946	81.687	84.279
91.106	81.812	84.25
90.266	81.917	84.188
89.428	82.014	84.09
88.592	82.123	83.99
87.756	82.238	83.894
86.919	82.353	83.802
86.083	82.468	83.714
85.244	82.573	83.633
84.397	82.544	83.591
83.565	82.371	83.59
82.762	82.098	83.607
81.975	81.78	83.617
81.202	81.427	83.606
80.452	81.029	83.601
79.723	80.591	83.594
79.014	80.124	83.569
78.34	79.607	83.529
77.712	79.035	83.487
77.128	78.416	83.486
76.572	77.775	83.547
76.05	77.115	83.676
75.582	76.424	83.847
75.182	75.698	84.045
74.819	74.962	84.275
74.454	74.248	84.564
74.083	73.545	84.871
73.701	72.83	85.133
73.317	72.1	85.345
72.937	71.364	85.549
72.576	70.621	85.758
72.249	69.865	85.976
71.969	69.093	86.206
71.732	68.31	86.448
71.533	67.518	86.694
71.413	66.704	86.922
71.389	65.876	87.129
71.481	65.048	87.315
71.693	64.241	87.497
71.988	63.467	87.7
72.319	62.707	87.901
72.68	61.959	88.099
73.066	61.222	88.289
73.485	60.499	88.457
73.929	59.796	88.648
74.394	59.131	88.909
74.86	58.466	89.17
75.347	57.855	89.511
75.865	57.294	89.887
76.435	56.863	90.35
77.026	56.473	90.822
77.635	56.083	91.27
78.206	55.679	91.755
78.658	55.29	92.363
79.021	54.902	93.027
79.332	54.5	93.712
79.623	54.1	94.405
79.955	53.732	95.097
80.331	53.386	95.777
80.746	53.049	96.44
81.178	52.722	97.096
81.593	52.415	97.773
81.995	52.123	98.464
82.388	51.838	99.163
82.798	51.561	99.855
83.218	51.32	100.56
83.649	51.145	101.27
84.097	51.032	101.98
84.588	50.943	102.67
85.151	50.881	103.3
85.786	50.828	103.87
