99.107	43.603	81.16
99.619	44.277	81.25
100.16	44.923	81.384
100.7	45.562	81.539
101.25	46.188	81.703
101.78	46.809	81.94
102.28	47.437	82.22
102.79	48.1	82.389
103.29	48.787	82.427
103.77	49.493	82.393
104.2	50.222	82.336
104.61	50.972	82.278
104.96	51.745	82.239
105.26	52.541	82.208
105.53	53.35	82.167
105.82	54.155	82.155
106.11	54.956	82.159
106.4	55.756	82.159
106.69	56.559	82.164
106.96	57.367	82.183
107.25	58.171	82.169
107.53	58.974	82.126
107.79	59.784	82.082
108.05	60.596	82.056
108.29	61.415	82.047
108.48	62.247	82.047
108.6	63.092	82.043
108.66	63.944	82.027
108.67	64.795	81.958
108.63	65.64	81.842
108.56	66.481	81.719
108.44	67.32	81.617
108.27	68.153	81.534
108.06	68.978	81.454
107.82	69.794	81.378
107.55	70.603	81.327
107.25	71.4	81.311
106.9	72.179	81.326
106.5	72.934	81.34
106.07	73.668	81.337
105.62	74.391	81.329
105.09	75.061	81.367
104.52	75.691	81.414
103.92	76.294	81.447
103.31	76.887	81.471
102.7	77.482	81.495
102.08	78.066	81.519
101.43	78.624	81.548
100.77	79.162	81.584
100.11	79.69	81.628
99.436	80.21	81.678
98.73	80.682	81.742
97.993	81.101	81.811
97.23	81.47	81.87
96.446	81.801	81.887
95.648	82.092	81.871
94.847	82.372	81.834
94.044	82.647	81.786
93.234	82.9	81.739
92.405	83.083	81.715
91.563	83.198	81.705
90.719	83.285	81.732
89.876	83.359	81.798
89.034	83.424	81.887
88.192	83.488	81.978
87.35	83.552	82.071
86.504	83.604	82.111
85.656	83.64	82.093
84.807	83.644	82.062
83.96	83.599	82.073
83.117	83.507	82.124
82.286	83.351	82.192
81.471	83.128	82.278
80.68	82.832	82.366
79.913	82.477	82.449
79.163	82.082	82.515
78.43	81.654	82.548
77.719	81.189	82.564
77.052	80.662	82.567
76.427	80.085	82.562
75.825	79.483	82.566
75.24	78.868	82.608
74.685	78.228	82.692
74.17	77.558	82.797
73.701	76.859	82.926
73.275	76.134	83.063
72.88	75.392	83.206
72.495	74.644	83.341
72.107	73.896	83.471
71.714	73.15	83.59
71.327	72.4	83.713
70.954	71.65	83.867
70.608	70.893	84.054
70.329	70.105	84.221
70.12	69.291	84.37
69.975	68.464	84.519
69.884	67.632	84.688
69.845	66.8	84.876
69.87	65.964	85.044
69.968	65.131	85.207
70.12	64.307	85.369
70.272	63.482	85.53
70.433	62.655	85.668
70.604	61.826	85.78
70.815	60.999	85.799
71.044	60.186	85.677
71.319	59.387	85.554
71.635	58.603	85.439
71.975	57.835	85.283
72.359	57.088	85.133
72.754	56.352	84.963
73.119	55.615	84.733
73.527	54.877	84.608
73.953	54.138	84.594
74.367	53.393	84.628
74.781	52.647	84.669
75.21	51.913	84.732
75.658	51.193	84.821
76.121	50.485	84.933
76.676	49.861	85.103
77.335	49.372	85.329
78.035	48.924	85.51
78.759	48.477	85.508
79.423	48.063	85.173
80.066	47.624	84.829
80.678	47.138	84.489
81.271	46.601	84.197
81.846	46.007	83.992
82.401	45.369	83.883
82.942	44.711	83.845
83.456	44.031	83.852
83.933	43.324	83.88
