76.792	158.69	97.2
76.816	157.87	96.949
76.762	157.08	96.638
76.62	156.32	96.286
76.379	155.59	95.904
76.059	154.89	95.545
75.674	154.18	95.264
75.241	153.47	95.079
74.78	152.76	95.004
74.283	152.07	94.967
73.748	151.41	94.932
73.195	150.78	94.797
72.658	150.15	94.575
72.151	149.53	94.303
71.676	148.91	93.963
71.206	148.36	93.513
70.73	147.84	93.041
70.348	147.26	92.547
70.198	146.56	92.076
69.97	145.97	91.503
69.624	145.41	90.971
69.158	144.9	90.469
68.693	144.38	89.984
68.257	143.83	89.499
67.873	143.26	89
67.527	142.68	88.482
67.186	142.11	87.946
66.858	141.55	87.394
66.639	140.93	86.849
66.641	140.24	86.348
66.844	139.55	85.9
67.055	138.84	85.467
67.243	138.12	85.062
67.422	137.36	84.712
67.593	136.58	84.406
67.748	135.81	84.081
67.878	135.03	83.756
67.846	134.25	83.406
67.772	133.47	83.069
67.658	132.69	82.732
67.458	131.95	82.361
67.143	131.27	81.96
66.731	130.65	81.548
66.272	130.09	81.097
65.792	129.59	80.606
65.309	129.1	80.106
64.858	128.56	79.623
64.461	127.99	79.129
64.114	127.41	78.615
63.774	126.83	78.096
63.432	126.25	77.57
63.091	125.67	77.049
62.739	125.08	76.541
62.386	124.5	76.034
62.046	123.91	75.516
61.733	123.28	75.038
61.469	122.62	74.576
61.266	121.94	74.101
61.084	121.24	73.645
60.868	120.48	73.32
60.665	119.68	73.103
60.487	118.86	72.965
60.26	118.04	72.87
59.996	117.24	72.776
59.734	116.44	72.661
59.497	115.63	72.503
59.269	114.83	72.309
59.024	114.04	72.129
58.763	113.25	71.93
58.5	112.46	71.721
58.258	111.66	71.602
58.04	110.83	71.559
57.822	110.01	71.545
57.604	109.18	71.535
57.398	108.35	71.532
57.17	107.53	71.502
56.889	106.73	71.464
56.547	105.95	71.42
56.186	105.18	71.411
55.802	104.42	71.441
55.373	103.68	71.502
54.888	102.99	71.592
54.367	102.33	71.743
53.831	101.7	71.936
53.337	101.05	72.186
52.843	100.41	72.436
52.463	99.724	72.777
52.237	99.019	73.2
52.1	98.294	73.627
52.04	97.56	74.057
52.069	96.835	74.507
52.241	96.149	74.983
52.563	95.514	75.452
52.877	94.841	75.872
53.2	94.157	76.265
53.558	93.491	76.659
53.875	92.836	77.105
54.201	92.222	77.597
54.56	91.628	78.093
54.833	90.935	78.508
54.849	90.12	78.762
54.877	89.307	79.02
54.923	88.497	79.287
54.981	87.691	79.562
55.025	86.884	79.834
55.052	86.073	80.101
55.075	85.26	80.36
55.097	84.445	80.612
55.12	83.627	80.856
55.108	82.798	81.06
55.142	81.976	81.285
55.237	81.158	81.512
55.389	80.349	81.738
55.6	79.551	81.955
55.864	78.764	82.155
56.166	77.987	82.338
56.483	77.219	82.532
56.835	76.475	82.755
57.205	75.742	82.989
57.591	75.017	83.217
58.002	74.299	83.428
58.396	73.564	83.607
58.764	72.816	83.787
59.115	72.063	83.983
59.47	71.304	84.145
59.826	70.537	84.259
60.17	69.758	84.308
60.498	68.97	84.294
60.821	68.182	84.238
61.147	67.396	84.17
61.472	66.61	84.101
61.799	65.824	84.032
62.127	65.042	83.94
62.467	64.266	83.837
62.828	63.499	83.735
63.21	62.746	83.615
63.638	62.015	83.507
64.147	61.334	83.446
64.681	60.671	83.418
65.236	60.023	83.417
65.809	59.393	83.416
66.419	58.799	83.453
67.045	58.225	83.519
67.674	57.656	83.601
68.325	57.116	83.695
68.978	56.577	83.783
69.605	56.004	83.854
70.213	55.413	83.932
70.8	54.801	84.016
71.356	54.162	84.111
71.871	53.491	84.221
72.345	52.791	84.335
72.784	52.065	84.418
73.206	51.325	84.47
73.613	50.577	84.43
73.968	49.816	84.278
74.233	49.017	84.137
74.424	48.187	84.066
74.567	47.347	84.023
74.68	46.501	83.991
74.771	45.652	84
74.854	44.803	84.04
74.981	43.96	84.096
75.178	43.131	84.146
75.426	42.314	84.15
75.647	41.494	84.069
75.845	40.68	83.901
76.027	39.892	83.631
76.19	39.167	83.21
