78.53	159.89	100.47
78.508	159.2	99.969
78.374	158.54	99.45
78.197	157.87	98.948
78.041	157.17	98.487
77.902	156.46	98.036
77.752	155.76	97.581
77.536	155.04	97.176
77.234	154.33	96.803
76.841	153.68	96.425
76.385	153.05	96.07
75.886	152.44	95.755
75.35	151.82	95.519
74.78	151.22	95.343
74.177	150.63	95.216
73.598	150.04	95.024
73.052	149.44	94.758
72.54	148.84	94.446
72.072	148.23	94.084
71.625	147.62	93.682
71.204	147.03	93.244
70.889	146.38	92.787
70.734	145.67	92.336
70.575	144.97	91.873
70.247	144.35	91.396
69.699	143.9	90.925
69.147	143.45	90.466
68.637	142.95	90.004
68.199	142.41	89.514
67.831	141.83	89.003
67.528	141.23	88.483
67.27	140.62	87.951
67.11	139.97	87.416
67.14	139.3	86.897
67.273	138.61	86.407
67.432	137.9	85.958
67.591	137.15	85.583
67.747	136.38	85.248
67.911	135.62	84.911
68.066	134.86	84.556
68.051	134.08	84.205
67.963	133.3	83.867
67.866	132.52	83.531
67.675	131.79	83.135
67.384	131.11	82.712
66.992	130.48	82.288
66.532	129.91	81.858
66.053	129.4	81.377
65.57	128.91	80.879
65.087	128.42	80.377
64.654	127.88	79.877
64.276	127.32	79.364
63.929	126.74	78.838
63.58	126.18	78.301
63.232	125.62	77.763
62.89	125.05	77.238
62.547	124.46	76.721
62.209	123.88	76.205
61.874	123.27	75.705
61.583	122.64	75.216
61.357	121.99	74.715
61.199	121.33	74.199
61.021	120.6	73.784
60.833	119.82	73.492
60.666	119.01	73.294
60.447	118.2	73.165
60.184	117.39	73.068
59.913	116.59	72.968
59.678	115.78	72.826
59.462	114.98	72.641
59.233	114.17	72.484
58.983	113.37	72.355
58.723	112.58	72.159
58.517	111.76	72.047
58.377	110.92	72.083
58.285	110.08	72.217
58.228	109.25	72.404
58.217	108.43	72.657
58.214	107.64	72.969
58.206	106.88	73.354
58.207	106.15	73.801
58.262	105.41	74.229
58.363	104.66	74.61
58.452	103.88	74.948
58.52	103.08	75.237
58.548	102.26	75.493
58.49	101.45	75.728
58.334	100.63	75.919
58.131	99.813	76.067
57.826	99.019	76.111
57.443	98.257	76.112
57.027	97.515	76.163
56.632	96.776	76.316
56.287	96.033	76.553
55.986	95.291	76.845
55.731	94.555	77.191
55.518	93.777	77.469
55.356	92.972	77.703
55.24	92.157	77.926
55.16	91.337	78.149
55.109	90.515	78.373
55.081	89.692	78.597
55.072	88.868	78.821
55.047	88.042	79.033
54.994	87.213	79.229
54.929	86.381	79.412
54.865	85.548	79.585
54.804	84.713	79.751
54.764	83.877	79.918
54.746	83.04	80.085
54.778	82.202	80.248
54.884	81.369	80.401
55.064	80.546	80.538
55.3	79.734	80.659
55.587	78.936	80.758
55.905	78.148	80.838
56.251	77.373	80.921
56.631	76.617	81.034
57.034	75.877	81.163
57.458	75.147	81.29
57.897	74.424	81.397
58.315	73.684	81.476
58.724	72.939	81.555
59.132	72.194	81.628
59.529	71.439	81.665
59.9	70.671	81.654
60.239	69.889	81.604
60.565	69.104	81.537
60.882	68.315	81.458
61.196	67.525	81.375
61.515	66.737	81.299
61.84	65.951	81.231
62.144	65.159	81.137
62.471	64.373	81.07
62.82	63.598	80.994
63.236	62.857	80.919
63.716	62.154	80.87
64.257	61.495	80.864
64.821	60.856	80.868
65.412	60.242	80.862
66.047	59.675	80.841
66.713	59.146	80.806
67.364	58.597	80.792
68.013	58.046	80.777
68.664	57.498	80.737
69.297	56.929	80.705
69.891	56.319	80.679
70.455	55.68	80.671
70.989	55.016	80.673
71.473	54.313	80.666
71.957	53.611	80.658
72.403	52.884	80.663
72.825	52.143	80.702
73.164	51.361	80.669
73.414	50.553	80.554
73.561	49.731	80.377
73.605	48.906	80.161
73.615	48.088	79.917
73.628	47.274	79.661
73.682	46.455	79.424
73.798	45.637	79.211
73.984	44.849	78.941
74.256	44.117	78.598
74.635	43.432	78.259
75.065	42.758	77.962
75.418	42.051	77.639
75.733	41.341	77.286
76.047	40.645	76.906
76.295	39.917	76.536
