47.672	72.039	73.303
48.089	72.326	73.987
48.616	72.645	74.573
49.206	73.013	75.061
49.797	73.38	75.55
50.399	73.71	76.051
50.998	73.965	76.597
51.565	74.154	77.202
52.085	74.301	77.858
52.577	74.398	78.545
53.052	74.432	79.25
53.482	74.418	79.983
53.849	74.357	80.748
54.136	74.248	81.542
54.447	74.132	82.325
54.793	74.009	83.093
55.151	73.882	83.854
55.485	73.774	84.629
55.805	73.682	85.412
56.11	73.599	86.202
56.401	73.545	87
56.687	73.543	87.801
56.963	73.576	88.605
57.235	73.627	89.41
57.497	73.715	90.215
57.705	73.844	91.03
57.865	74.007	91.85
57.996	74.214	92.665
58.108	74.476	93.467
58.198	74.799	94.25
58.263	75.186	95.005
58.302	75.644	95.723
58.316	76.193	96.374
58.302	76.818	96.955
58.266	77.482	97.489
58.223	78.175	97.984
58.189	78.892	98.444
58.177	79.631	98.871
58.19	80.395	99.25
58.222	81.17	99.607
58.271	81.943	99.965
58.33	82.715	100.32
58.38	83.496	100.66
58.398	84.277	101.01
58.372	85.051	101.36
58.361	85.824	101.73
58.355	86.596	102.09
58.321	87.37	102.45
58.286	88.144	102.8
58.219	88.914	103.17
58.135	89.687	103.52
58.038	90.478	103.83
57.939	91.286	104.08
57.85	92.116	104.26
57.782	92.96	104.37
57.735	93.813	104.39
57.709	94.664	104.33
57.7	95.507	104.2
57.712	96.338	104
57.724	97.165	103.79
57.734	97.992	103.58
57.74	98.818	103.37
57.742	99.643	103.15
57.741	100.47	102.92
57.714	101.3	102.74
57.661	102.14	102.6
57.589	102.98	102.49
57.506	103.83	102.39
57.419	104.67	102.31
57.335	105.52	102.23
57.252	106.36	102.14
57.151	107.21	102.08
57.028	108.06	102.05
56.9	108.9	102.04
56.802	109.75	102.02
56.736	110.6	102.03
56.716	111.45	102
56.745	112.3	101.91
56.829	113.14	101.76
57.015	113.95	101.59
57.448	114.66	101.4
57.736	115.45	101.23
57.907	116.28	101.13
58.001	117.12	101.08
58.054	117.97	101.08
58.043	118.83	101.13
57.973	119.67	101.22
57.849	120.51	101.36
57.671	121.32	101.54
57.471	122.12	101.77
57.212	122.87	102.09
56.857	123.54	102.47
56.33	123.99	102.97
55.71	124.24	103.49
55.07	124.4	104.03
54.422	124.53	104.56
53.768	124.65	105.09
53.113	124.79	105.62
52.429	124.96	106.09
51.725	125.17	106.52
51.01	125.41	106.92
50.298	125.66	107.3
49.582	125.92	107.68
48.853	126.19	108.03
48.114	126.47	108.34
47.371	126.76	108.63
46.624	127.08	108.89
45.866	127.43	109.04
45.108	127.81	109.14
44.355	128.2	109.14
43.636	128.64	109.04
42.98	129.14	108.82
