54.095	123.68	98.582
54.251	122.92	98.218
54.405	122.16	97.872
54.538	121.39	97.533
54.528	120.59	97.233
54.373	119.79	96.973
54.167	119.01	96.707
53.925	118.21	96.509
53.705	117.39	96.407
53.532	116.56	96.406
53.421	115.72	96.498
53.393	114.88	96.68
53.381	114.05	96.862
53.389	113.21	97.041
53.431	112.38	97.196
53.507	111.53	97.317
53.596	110.69	97.424
53.686	109.85	97.555
53.782	109.02	97.707
53.858	108.18	97.871
53.907	107.35	98.039
53.935	106.51	98.219
53.949	105.69	98.421
53.952	104.86	98.645
53.953	104.04	98.871
53.953	103.22	99.097
53.954	102.39	99.323
53.955	101.57	99.549
53.956	100.75	99.776
53.957	99.923	100
53.958	99.1	100.23
53.961	98.27	100.43
53.97	97.433	100.59
53.987	96.588	100.72
54.026	95.74	100.81
54.079	94.889	100.86
54.157	94.039	100.86
54.272	93.193	100.83
54.404	92.352	100.77
54.516	91.513	100.66
54.613	90.678	100.51
54.701	89.847	100.33
54.779	89.02	100.13
54.843	88.194	99.93
54.899	87.371	99.71
54.945	86.559	99.451
54.978	85.769	99.128
55.048	85	98.765
55.157	84.255	98.364
55.288	83.533	97.928
55.426	82.845	97.443
55.532	82.203	96.892
55.619	81.609	96.287
55.69	81.067	95.632
55.72	80.585	94.931
55.704	80.166	94.19
55.669	79.791	93.425
55.618	79.462	92.642
55.534	79.181	91.843
55.372	78.935	91.044
55.123	78.721	90.258
54.837	78.524	89.482
54.55	78.327	88.705
54.24	78.145	87.934
53.882	77.996	87.178
53.481	77.885	86.435
53.064	77.784	85.701
52.656	77.679	84.962
52.244	77.57	84.226
51.814	77.472	83.499
51.377	77.374	82.776
50.946	77.26	82.052
50.53	77.122	81.323
50.113	76.989	80.594
49.686	76.864	79.869
49.242	76.741	79.154
48.771	76.604	78.46
48.267	76.448	77.793
47.742	76.274	77.147
47.211	76.151	76.495
46.709	76.199	75.81
46.282	76.453	75.119
45.9	76.843	74.466
45.462	77.284	73.884
44.871	77.634	73.382
44.176	77.843	72.94
43.434	77.985	72.551
42.679	78.091	72.176
41.906	78.152	71.83
41.109	78.167	71.537
40.328	78.218	71.208
39.572	78.285	70.825
38.842	78.359	70.398
38.137	78.449	69.932
37.447	78.584	69.455
