43.271	63.728	67.9
43.636	64.478	68.076
44.044	65.205	68.252
44.497	65.913	68.388
44.974	66.613	68.482
45.44	67.317	68.595
45.895	68.014	68.771
46.351	68.657	69.095
46.81	69.22	69.538
47.251	69.727	70.06
47.691	70.235	70.583
48.102	70.702	71.163
48.498	71.143	71.774
48.912	71.535	72.405
49.362	71.85	73.055
49.851	72.079	73.712
50.405	72.34	74.301
51.004	72.633	74.828
51.638	72.882	75.336
52.267	73.05	75.882
52.855	73.172	76.484
53.373	73.264	77.152
53.834	73.297	77.865
54.269	73.262	78.595
54.694	73.17	79.326
55.101	73.021	80.058
55.463	72.84	80.807
55.767	72.658	81.581
56.044	72.479	82.365
56.302	72.316	83.16
56.541	72.132	83.956
56.757	71.93	84.754
56.96	71.7	85.548
57.158	71.451	86.338
57.371	71.287	87.145
57.591	71.242	87.966
57.809	71.318	88.785
58.016	71.439	89.602
58.214	71.611	90.411
58.396	71.817	91.217
58.563	72.048	92.019
58.715	72.305	92.816
58.83	72.598	93.607
58.912	72.93	94.387
59.017	73.249	95.169
59.155	73.552	95.953
59.301	73.914	96.71
59.399	74.459	97.357
59.447	75.141	97.867
59.527	75.859	98.32
59.616	76.606	98.723
59.671	77.373	99.093
59.714	78.149	99.444
59.815	78.932	99.769
59.935	79.72	100.07
60.044	80.511	100.37
60.165	81.298	100.68
60.289	82.079	101
60.408	82.855	101.33
60.506	83.631	101.67
60.583	84.394	102.05
60.62	85.142	102.46
60.636	85.877	102.89
60.625	86.6	103.34
60.568	87.316	103.8
60.471	88.035	104.25
60.369	88.769	104.67
60.279	89.54	105.03
60.226	90.345	105.31
60.162	91.163	105.54
60.093	91.987	105.75
60.022	92.826	105.9
59.999	93.68	105.91
60.032	94.526	105.8
60.073	95.363	105.64
60.098	96.195	105.45
60.109	97.023	105.24
60.114	97.848	105.02
60.114	98.672	104.8
60.091	99.5	104.59
60.042	100.33	104.41
59.98	101.17	104.25
59.923	102.01	104.1
59.868	102.85	103.97
59.794	103.69	103.84
59.706	104.53	103.72
59.613	105.37	103.6
59.524	106.21	103.5
59.441	107.06	103.4
59.363	107.9	103.31
59.287	108.75	103.2
59.199	109.59	103.14
59.091	110.44	103.14
58.988	111.29	103.19
58.957	112.14	103.28
58.999	112.98	103.41
59.115	113.81	103.56
59.301	114.63	103.7
59.543	115.44	103.81
59.785	116.25	103.92
60.025	117.06	104.03
60.244	117.88	104.14
60.396	118.71	104.27
60.484	119.54	104.44
60.483	120.38	104.59
60.365	121.22	104.71
60.121	122.03	104.82
59.808	122.8	105
59.43	123.51	105.29
58.976	124.08	105.73
58.488	124.54	106.26
57.96	124.9	106.82
57.387	125.17	107.39
56.804	125.4	107.96
56.214	125.59	108.55
55.599	125.72	109.12
54.962	125.79	109.68
54.337	125.83	110.25
53.721	125.8	110.84
53.124	125.68	111.43
52.538	125.56	112.03
51.928	125.48	112.62
51.31	125.41	113.2
50.708	125.34	113.8
50.082	125.23	114.36
49.397	125.05	114.83
48.739	124.84	115.32
