47.338	64.762	64.918
47.593	65.562	65.064
47.783	66.366	65.278
47.931	67.151	65.576
48.086	67.895	65.965
48.302	68.55	66.465
48.594	69.109	67.038
48.944	69.598	67.64
49.326	70.027	68.268
49.735	70.366	68.932
50.163	70.689	69.594
50.606	71.053	70.221
51.054	71.446	70.828
51.507	71.812	71.449
51.991	72.102	72.085
52.497	72.352	72.72
53.016	72.59	73.35
53.539	72.758	73.999
54.056	72.794	74.673
54.51	72.769	75.392
54.932	72.661	76.122
55.366	72.449	76.823
55.798	72.182	77.506
56.199	71.906	78.204
56.556	71.655	78.935
56.851	71.368	79.68
57.074	71.072	80.446
57.242	70.807	81.238
57.379	70.564	82.042
57.492	70.311	82.847
57.568	70.073	83.661
57.637	69.852	84.48
57.727	69.641	85.3
57.849	69.445	86.119
57.991	69.404	86.958
58.147	69.529	87.785
58.311	69.751	88.59
58.475	70.002	89.387
58.638	70.28	90.175
58.796	70.585	90.954
58.956	70.9	91.728
59.095	71.206	92.511
59.186	71.497	93.305
59.243	71.767	94.111
59.381	71.946	94.932
59.534	72.401	95.635
59.689	72.988	96.233
59.814	73.631	96.778
59.91	74.304	97.293
60.021	75.005	97.767
60.14	75.733	98.195
60.237	76.484	98.587
60.309	77.252	98.952
60.417	78.026	99.293
60.54	78.802	99.626
60.665	79.572	99.971
60.793	80.342	100.32
60.921	81.112	100.66
61.053	81.872	101.02
61.184	82.628	101.4
61.293	83.37	101.8
61.365	84.092	102.25
61.398	84.793	102.74
61.386	85.477	103.25
61.321	86.16	103.75
61.199	86.851	104.24
61.044	87.565	104.68
60.899	88.319	105.05
60.797	89.113	105.35
60.733	89.932	105.58
60.66	90.759	105.78
60.573	91.598	105.91
60.525	92.45	105.95
60.54	93.301	105.88
60.602	94.142	105.75
60.652	94.981	105.6
60.69	95.817	105.44
60.71	96.648	105.24
60.715	97.474	105.03
60.702	98.298	104.8
60.657	99.125	104.6
60.582	99.954	104.41
60.517	100.79	104.24
60.46	101.63	104.09
60.398	102.47	103.96
60.322	103.31	103.83
60.235	104.15	103.71
60.145	104.99	103.6
60.057	105.84	103.5
59.975	106.68	103.41
59.897	107.53	103.31
59.815	108.37	103.22
59.698	109.22	103.18
59.556	110.06	103.21
59.464	110.9	103.29
59.454	111.75	103.41
59.529	112.57	103.61
59.65	113.4	103.78
59.82	114.23	103.92
60.031	115.04	104.06
60.243	115.86	104.2
60.448	116.67	104.33
60.619	117.49	104.48
60.73	118.33	104.64
60.769	119.17	104.77
60.701	120.01	104.88
60.511	120.84	104.98
60.209	121.63	105.09
59.832	122.36	105.32
59.383	122.99	105.68
58.887	123.51	106.14
58.34	123.91	106.65
57.728	124.21	107.16
57.121	124.46	107.71
56.501	124.66	108.25
55.849	124.8	108.78
55.177	124.88	109.29
54.527	124.91	109.84
53.901	124.83	110.41
53.289	124.69	110.99
52.685	124.51	111.55
52.095	124.31	112.13
51.527	124.09	112.73
50.948	123.87	113.31
50.339	123.67	113.87
49.71	123.42	114.38
49.083	123.14	114.88
48.455	122.86	115.38
