43.501	126.51	100.18
44.22	126.06	100.25
44.937	125.61	100.31
45.667	125.17	100.25
46.396	124.76	100.1
47.097	124.37	99.822
47.774	123.96	99.502
48.456	123.54	99.221
49.166	123.12	99
49.914	122.76	98.821
50.689	122.44	98.683
51.482	122.15	98.569
52.227	121.8	98.357
52.743	121.23	98.002
53.034	120.54	97.588
53.017	119.79	97.177
52.812	119.07	96.772
52.625	118.29	96.484
52.541	117.44	96.392
52.509	116.59	96.441
52.468	115.75	96.544
52.42	114.91	96.691
52.394	114.07	96.847
52.401	113.23	97.02
52.453	112.39	97.176
52.538	111.55	97.289
52.63	110.71	97.373
52.718	109.87	97.496
52.814	109.03	97.655
52.892	108.2	97.829
52.94	107.37	98.006
52.964	106.54	98.193
52.974	105.71	98.404
52.97	104.89	98.638
52.964	104.07	98.881
52.959	103.25	99.13
52.958	102.44	99.383
52.967	101.62	99.636
52.985	100.81	99.888
53.001	99.989	100.13
53.015	99.169	100.37
53.039	98.344	100.58
53.079	97.512	100.77
53.138	96.674	100.93
53.22	95.836	101.07
53.32	94.998	101.2
53.437	94.155	101.26
53.574	93.312	101.26
53.724	92.473	101.21
53.858	91.633	101.14
53.981	90.793	101.04
54.097	89.959	100.91
54.199	89.13	100.73
54.279	88.305	100.53
54.342	87.48	100.32
54.387	86.657	100.09
54.419	85.845	99.83
54.474	85.041	99.551
54.587	84.252	99.244
54.76	83.496	98.889
54.938	82.765	98.486
55.143	82.087	98.01
55.346	81.467	97.462
55.529	80.888	96.863
55.691	80.351	96.221
55.8	79.859	95.534
55.847	79.409	94.812
55.841	79.005	94.062
55.799	78.664	93.283
55.716	78.402	92.477
55.578	78.187	91.665
55.372	78.008	90.859
55.098	77.854	90.069
54.782	77.705	89.293
54.419	77.575	88.535
54.022	77.489	87.787
53.605	77.434	87.048
53.184	77.379	86.311
52.767	77.314	85.573
52.336	77.243	84.843
51.889	77.172	84.123
51.442	77.094	83.404
51.011	76.995	82.678
50.595	76.877	81.945
50.167	76.753	81.221
49.717	76.624	80.511
49.242	76.485	79.819
48.737	76.329	79.153
48.196	76.151	78.522
47.596	75.884	77.983
46.928	75.486	77.64
46.231	75.017	77.51
45.536	74.532	77.449
44.844	74.039	77.425
44.156	73.54	77.427
43.485	73.02	77.48
42.845	72.467	77.564
42.251	71.864	77.651
41.692	71.223	77.69
41.144	70.573	77.727
40.616	69.906	77.768
40.106	69.225	77.787
39.622	68.528	77.717
39.139	67.83	77.647
38.639	67.16	77.484
38.058	66.592	77.233
