40.795	133.84	95.279
41.572	133.77	94.945
42.333	133.79	94.568
43.075	133.9	94.168
43.845	133.99	93.823
44.641	134.06	93.533
45.457	134.05	93.298
46.269	133.9	93.104
47.053	133.63	92.915
47.823	133.31	92.748
48.583	132.95	92.621
49.34	132.57	92.555
50.09	132.17	92.544
50.832	131.75	92.587
51.576	131.35	92.674
52.335	130.99	92.808
53.1	130.67	92.999
53.856	130.35	93.223
54.596	130.02	93.479
55.31	129.67	93.779
56.028	129.36	94.112
56.76	129.09	94.454
57.141	128.41	94.795
57.425	127.67	95.111
57.649	126.9	95.399
57.772	126.09	95.63
57.803	125.25	95.802
57.81	124.41	95.906
57.784	123.55	95.953
57.738	122.7	95.978
57.69	121.85	96.005
57.64	121	96.04
57.58	120.15	96.089
57.51	119.3	96.15
57.473	118.45	96.227
57.499	117.6	96.316
57.554	116.75	96.406
57.543	115.9	96.492
57.471	115.06	96.574
57.379	114.21	96.655
57.285	113.37	96.735
57.208	112.52	96.825
57.184	111.68	96.948
57.214	110.84	97.108
57.25	110	97.274
57.285	109.17	97.442
57.318	108.33	97.614
57.349	107.5	97.789
57.38	106.66	97.967
57.409	105.83	98.149
57.437	105	98.335
57.457	104.17	98.534
57.466	103.34	98.748
57.467	102.52	98.974
57.468	101.69	99.2
57.468	100.87	99.426
57.469	100.05	99.652
57.47	99.224	99.879
57.471	98.401	100.1
57.477	97.572	100.31
57.495	96.731	100.46
57.532	95.883	100.55
57.523	95.034	100.64
57.457	94.187	100.72
57.398	93.336	100.73
57.41	92.489	100.63
57.479	91.664	100.42
57.543	90.839	100.21
57.596	90.014	99.996
57.639	89.192	99.769
57.674	88.387	99.486
57.699	87.604	99.149
57.711	86.831	98.788
57.709	86.059	98.424
57.694	85.294	98.046
57.665	84.551	97.627
57.625	83.829	97.175
57.577	83.128	96.692
57.504	82.452	96.176
57.42	81.812	95.62
57.333	81.21	95.023
57.225	80.658	94.383
57.096	80.163	93.701
56.967	79.713	92.99
56.861	79.261	92.276
56.758	78.814	91.558
56.638	78.414	90.816
56.49	78.078	90.048
56.297	77.805	89.265
56.023	77.59	88.488
55.684	77.422	87.727
55.333	77.298	86.962
54.977	77.213	86.194
54.611	77.149	85.429
54.273	77.083	84.651
53.956	77.033	83.863
53.623	76.995	83.081
53.249	76.96	82.318
52.842	76.919	81.572
52.429	76.847	80.832
52.013	76.741	80.098
51.598	76.634	79.363
51.183	76.527	78.629
50.767	76.42	77.894
50.342	76.312	77.166
49.891	76.189	76.456
49.415	76.048	75.765
48.938	75.892	75.079
48.462	75.731	74.393
47.985	75.577	73.706
47.522	75.384	73.019
47.09	75.111	72.34
46.678	74.821	71.654
46.261	74.484	70.994
45.839	74.084	70.372
45.426	73.615	69.795
45.005	73.104	69.261
44.553	72.564	68.782
44.033	72.039	68.359
43.455	71.543	67.982
42.837	71.061	67.652
42.189	70.598	67.355
41.514	70.169	67.069
40.817	69.797	66.754
40.122	69.459	66.402
39.441	69.163	65.989
