40.763	133.32	90.424
41.513	133.62	90.688
42.302	133.8	90.948
43.102	133.91	91.207
43.929	133.92	91.399
44.766	133.84	91.516
45.596	133.66	91.557
46.401	133.39	91.523
47.171	133.04	91.43
47.914	132.64	91.323
48.637	132.2	91.231
49.341	131.73	91.144
50.062	131.29	91.074
50.806	130.88	91.023
51.571	130.5	91.015
52.344	130.16	91.115
53.104	129.85	91.336
53.852	129.57	91.623
54.588	129.31	91.956
55.311	129.05	92.319
56.039	128.8	92.683
56.742	128.45	93.009
57.143	127.73	93.24
57.47	126.97	93.435
57.7	126.16	93.594
57.842	125.33	93.721
57.921	124.49	93.837
57.944	123.64	93.947
57.916	122.79	94.049
57.893	121.95	94.162
57.878	121.1	94.291
57.866	120.26	94.436
57.85	119.42	94.593
57.83	118.59	94.762
57.806	117.75	94.9
57.767	116.9	95.001
57.704	116.05	95.084
57.622	115.21	95.165
57.53	114.36	95.246
57.436	113.52	95.326
57.342	112.67	95.407
57.274	111.83	95.528
57.245	111	95.71
57.245	110.17	95.936
57.246	109.35	96.163
57.246	108.53	96.389
57.247	107.7	96.615
57.248	106.88	96.842
57.248	106.06	97.068
57.249	105.24	97.294
57.25	104.41	97.52
57.251	103.59	97.747
57.252	102.77	97.973
57.253	101.94	98.199
57.253	101.12	98.425
57.253	100.3	98.648
57.246	99.47	98.863
57.232	98.641	99.068
57.24	97.801	99.219
57.276	96.952	99.303
57.308	96.099	99.336
57.296	95.246	99.349
57.257	94.393	99.342
57.262	93.544	99.25
57.309	92.708	99.083
57.377	91.884	98.872
57.435	91.064	98.642
57.475	90.255	98.373
57.495	89.464	98.051
57.496	88.689	97.695
57.476	87.936	97.293
57.449	87.221	96.83
57.406	86.538	96.321
57.296	85.9	95.767
57.117	85.319	95.169
56.867	84.796	94.545
56.589	84.319	93.897
56.292	83.889	93.225
55.969	83.499	92.541
55.63	83.147	91.845
55.285	82.844	91.128
54.931	82.602	90.393
54.567	82.445	89.641
54.183	82.363	88.886
53.788	82.321	88.134
53.39	82.318	87.382
52.989	82.328	86.632
52.581	82.311	85.886
52.172	82.294	85.141
51.753	82.24	84.403
51.342	82.188	83.66
50.971	82.136	82.896
50.668	82.074	82.103
50.382	82.003	81.305
50.105	81.905	80.507
49.805	81.787	79.719
49.476	81.687	78.941
49.118	81.609	78.174
48.715	81.593	77.425
48.266	81.659	76.705
47.784	81.819	76.023
47.24	81.953	75.384
46.633	82.091	74.804
45.977	82.269	74.293
45.293	82.475	73.834
44.583	82.666	73.407
43.817	82.791	73.063
42.998	82.822	72.84
42.165	82.808	72.675
41.328	82.768	72.54
40.489	82.711	72.422
39.651	82.646	72.301
38.816	82.603	72.154
37.986	82.617	71.98
37.162	82.675	71.781
36.332	82.657	71.605
35.504	82.558	71.447
34.678	82.413	71.313
33.846	82.263	71.24
33.013	82.098	71.229
