57.191	126.35	92.772
57.384	125.54	92.948
57.521	124.71	93.112
57.61	123.88	93.257
57.655	123.03	93.378
57.672	122.19	93.495
57.69	121.34	93.612
57.702	120.5	93.759
57.706	119.67	93.937
57.706	118.84	94.129
57.702	118.01	94.332
57.68	117.17	94.513
57.629	116.33	94.642
57.543	115.48	94.723
57.451	114.64	94.804
57.359	113.8	94.884
57.265	112.95	94.965
57.171	112.11	95.045
57.082	111.26	95.138
57.029	110.42	95.291
57.013	109.6	95.504
57.006	108.77	95.732
57.002	107.95	95.963
56.998	107.13	96.196
56.995	106.31	96.429
56.992	105.49	96.662
56.99	104.67	96.893
56.99	103.85	97.12
56.991	103.02	97.346
56.992	102.2	97.572
56.992	101.38	97.798
56.991	100.55	98.02
56.987	99.726	98.239
56.972	98.897	98.442
56.941	98.063	98.621
56.908	97.222	98.762
56.899	96.371	98.838
56.914	95.518	98.842
56.911	94.664	98.82
56.898	93.812	98.776
56.9	92.962	98.693
56.934	92.121	98.549
56.995	91.292	98.356
57.058	90.47	98.133
57.112	89.661	97.866
57.152	88.878	97.53
57.166	88.108	97.162
57.159	87.355	96.761
57.149	86.635	96.304
57.126	85.949	95.797
57.031	85.307	95.245
56.861	84.721	94.65
56.614	84.192	94.029
56.348	83.708	93.381
56.067	83.27	92.707
55.767	82.875	92.016
55.459	82.512	91.31
55.153	82.193	90.583
54.842	81.929	89.836
54.518	81.722	89.078
54.169	81.58	88.315
53.791	81.48	87.559
53.389	81.411	86.813
52.979	81.34	86.071
52.567	81.235	85.335
52.15	81.077	84.611
51.739	80.933	83.88
51.349	80.782	83.139
50.989	80.602	82.39
50.647	80.403	81.637
50.321	80.186	80.881
49.979	79.976	80.131
49.592	79.8	79.394
49.176	79.694	78.66
48.74	79.626	77.934
48.265	79.593	77.229
47.745	79.582	76.556
47.204	79.624	75.902
46.63	79.694	75.279
46.011	79.769	74.701
45.335	79.871	74.196
44.634	80.005	73.735
43.902	80.163	73.334
43.141	80.338	72.997
42.373	80.494	72.671
41.598	80.624	72.349
40.81	80.726	72.047
40.008	80.772	71.771
39.207	80.794	71.493
38.407	80.839	71.21
37.615	80.917	70.912
36.834	81.01	70.592
36.056	81.052	70.254
35.296	81.073	69.877
34.57	81.128	69.439
33.931	81.289	68.902
33.457	81.593	68.264
32.997	81.95	67.643
32.479	82.36	67.106
31.926	82.818	66.649
31.396	83.334	66.226
30.873	83.88	65.835
30.328	84.48	65.57
29.882	85.2	65.474
