56.021	124.61	92.578
56.15	123.79	92.758
56.244	122.95	92.89
56.285	122.11	93.011
56.248	121.28	93.197
56.159	120.46	93.418
56.059	119.64	93.641
55.95	118.82	93.863
55.837	118	94.059
55.738	117.16	94.204
55.66	116.32	94.302
55.579	115.47	94.397
55.49	114.63	94.484
55.383	113.79	94.564
55.243	112.95	94.641
55.074	112.12	94.715
54.938	111.28	94.846
54.837	110.46	95.036
54.763	109.64	95.269
54.708	108.83	95.539
54.669	108.03	95.831
54.632	107.23	96.12
54.598	106.42	96.405
54.573	105.62	96.675
54.558	104.8	96.927
54.546	103.98	97.168
54.528	103.16	97.401
54.503	102.34	97.626
54.478	101.51	97.835
54.453	100.68	98.029
54.423	99.845	98.209
54.383	99.009	98.374
54.337	98.168	98.515
54.314	97.319	98.604
54.321	96.466	98.641
54.328	95.613	98.678
54.351	94.76	98.691
54.379	93.907	98.691
54.412	93.053	98.677
54.459	92.202	98.632
54.515	91.354	98.546
54.575	90.51	98.433
54.643	89.669	98.304
54.718	88.831	98.157
54.772	87.996	97.99
54.803	87.163	97.804
54.804	86.341	97.575
54.78	85.549	97.258
54.732	84.802	96.848
54.673	84.095	96.375
54.595	83.411	95.871
54.506	82.766	95.322
54.414	82.181	94.709
54.361	81.654	94.041
54.405	81.263	93.286
54.423	80.93	92.502
54.388	80.65	91.699
54.306	80.429	90.881
54.139	80.233	90.07
53.888	80.069	89.273
53.575	79.937	88.493
53.205	79.829	87.735
52.776	79.733	87.007
52.344	79.59	86.289
51.909	79.399	85.583
51.476	79.214	84.875
51.038	79.052	84.164
50.602	78.864	83.459
50.168	78.632	82.765
49.734	78.358	82.087
49.308	78.064	81.412
48.874	77.811	80.725
48.428	77.617	80.028
47.972	77.488	79.322
47.471	77.347	78.649
46.909	77.193	78.03
46.285	77.041	77.474
45.666	77.042	76.892
45.088	77.213	76.292
44.574	77.549	75.703
44.028	77.902	75.154
43.392	78.194	74.672
42.692	78.425	74.248
41.952	78.617	73.876
41.191	78.788	73.54
40.392	78.793	73.252
39.591	78.685	72.993
38.794	78.533	72.743
38.015	78.319	72.481
37.286	77.973	72.214
36.587	77.593	71.918
35.897	77.237	71.572
35.23	76.91	71.16
34.61	76.541	70.71
