40.641	133.81	95.697
41.41	133.74	95.341
42.17	133.75	94.961
42.898	133.84	94.534
43.639	133.95	94.134
44.411	134.04	93.792
45.21	134.09	93.508
46.024	133.99	93.286
46.819	133.76	93.091
47.594	133.46	92.913
48.358	133.12	92.772
49.116	132.74	92.689
49.869	132.35	92.66
50.615	131.94	92.687
51.353	131.52	92.766
52.107	131.15	92.883
52.871	130.81	93.049
53.629	130.49	93.26
54.373	130.16	93.502
55.094	129.81	93.788
55.805	129.48	94.116
56.534	129.2	94.458
56.975	128.57	94.819
57.282	127.85	95.153
57.528	127.09	95.466
57.667	126.29	95.723
57.707	125.46	95.92
57.717	124.62	96.04
57.701	123.76	96.088
57.661	122.91	96.1
57.615	122.06	96.115
57.565	121.21	96.139
57.505	120.36	96.177
57.434	119.51	96.228
57.38	118.66	96.296
57.39	117.81	96.38
57.465	116.96	96.471
57.47	116.11	96.558
57.408	115.27	96.641
57.314	114.42	96.721
57.22	113.58	96.802
57.13	112.73	96.884
57.095	111.89	97
57.114	111.05	97.15
57.133	110.21	97.3
57.171	109.37	97.464
57.207	108.53	97.629
57.242	107.7	97.797
57.275	106.86	97.968
57.306	106.02	98.143
57.334	105.19	98.322
57.361	104.36	98.503
57.383	103.53	98.696
57.394	102.7	98.906
57.395	101.87	99.132
57.396	101.05	99.359
57.396	100.23	99.585
57.397	99.406	99.811
57.398	98.582	100.04
57.401	97.756	100.25
57.417	96.918	100.41
57.45	96.071	100.52
57.452	95.222	100.6
57.4	94.374	100.69
57.327	93.524	100.73
57.323	92.675	100.65
57.382	91.845	100.46
57.449	91.02	100.25
57.51	90.195	100.04
57.559	89.37	99.822
57.601	88.561	99.554
57.63	87.773	99.227
57.647	86.999	98.867
57.652	86.227	98.504
57.645	85.457	98.136
57.623	84.709	97.726
57.59	83.983	97.281
57.547	83.277	96.803
57.482	82.596	96.294
57.403	81.949	95.745
57.319	81.339	95.155
57.217	80.777	94.523
57.093	80.272	93.848
56.958	79.823	93.137
56.849	79.373	92.422
56.748	78.927	91.703
56.633	78.518	90.965
56.49	78.172	90.201
56.312	77.888	89.418
56.053	77.663	88.639
55.725	77.487	87.874
55.373	77.354	87.111
55.018	77.26	86.344
54.649	77.194	85.581
54.302	77.125	84.807
53.979	77.07	84.022
53.654	77.028	83.237
53.285	76.99	82.471
52.882	76.949	81.723
52.469	76.88	80.983
52.054	76.777	80.248
51.638	76.669	79.514
51.223	76.563	78.779
50.808	76.456	78.045
50.388	76.348	77.313
49.942	76.229	76.599
49.47	76.09	75.905
48.993	75.938	75.218
48.518	75.78	74.531
48.041	75.627	73.843
47.573	75.447	73.157
47.128	75.227	72.466
46.713	74.935	71.783
46.296	74.609	71.118
45.873	74.222	70.489
45.452	73.762	69.91
45.027	73.259	69.371
44.579	72.722	68.886
44.068	72.191	68.46
43.496	71.692	68.076
42.884	71.21	67.736
42.241	70.747	67.429
41.568	70.315	67.14
40.874	69.936	66.831
40.178	69.589	66.487
39.495	69.283	66.086
