41.859	69.711	68.563
42.505	70.204	68.811
43.166	70.669	69.076
43.849	71.075	69.378
44.443	71.531	69.781
44.933	72.011	70.284
45.353	72.474	70.861
45.756	72.873	71.496
46.162	73.188	72.173
46.576	73.436	72.874
46.991	73.695	73.57
47.406	73.971	74.259
47.851	74.266	74.921
48.345	74.593	75.531
48.874	74.894	76.125
49.411	75.129	76.741
49.913	75.298	77.406
50.363	75.423	78.117
50.798	75.531	78.839
51.239	75.627	79.56
51.674	75.705	80.287
52.094	75.762	81.024
52.498	75.796	81.772
52.898	75.799	82.523
53.277	75.789	83.284
53.625	75.787	84.06
53.943	75.8	84.849
54.254	75.816	85.641
54.54	75.843	86.442
54.827	75.869	87.242
55.144	75.917	88.031
55.496	75.992	88.801
55.855	76.102	89.565
56.143	76.23	90.355
56.363	76.39	91.161
56.529	76.601	91.969
56.656	76.877	92.764
56.744	77.222	93.538
56.768	77.638	94.281
56.729	78.103	94.994
56.648	78.608	95.675
56.544	79.143	96.331
56.416	79.705	96.959
56.277	80.306	97.547
56.129	80.943	98.095
55.987	81.612	98.604
55.873	82.336	99.041
55.767	83.098	99.409
55.645	83.878	99.736
55.516	84.658	100.06
55.425	85.454	100.35
55.357	86.262	100.62
55.292	87.082	100.85
55.224	87.905	101.06
55.154	88.73	101.27
55.082	89.555	101.48
55.004	90.381	101.68
54.922	91.209	101.87
54.805	92.041	102.02
54.671	92.88	102.11
54.554	93.725	102.15
54.45	94.572	102.14
54.35	95.417	102.06
54.264	96.255	101.92
54.217	97.089	101.75
54.216	97.918	101.54
54.215	98.744	101.33
54.214	99.568	101.1
54.213	100.39	100.88
54.213	101.21	100.65
54.212	102.04	100.42
54.211	102.86	100.2
54.21	103.68	99.972
54.209	104.51	99.746
54.208	105.33	99.52
54.197	106.16	99.311
54.158	107	99.151
54.088	107.84	99.045
53.972	108.68	98.952
53.795	109.51	98.871
53.578	110.33	98.786
53.346	111.15	98.698
53.099	111.96	98.618
52.952	112.78	98.415
52.919	113.58	98.11
52.918	114.37	97.797
52.902	115.17	97.51
52.859	115.99	97.271
52.851	116.84	97.17
52.851	117.69	97.194
52.881	118.53	97.358
52.912	119.33	97.647
52.775	120.09	98.016
52.433	120.78	98.384
51.913	121.37	98.709
51.158	121.72	98.892
50.363	122	98.995
49.583	122.3	99.143
48.832	122.65	99.342
48.114	123.03	99.598
47.426	123.42	99.906
46.743	123.81	100.24
46.024	124.19	100.49
45.278	124.57	100.63
44.525	124.96	100.67
43.765	125.34	100.66
42.996	125.71	100.63
