42.614	130.35	77.037
42.983	129.93	77.681
43.382	129.52	78.309
43.855	129.14	78.91
44.327	128.77	79.508
44.798	128.38	80.103
45.275	127.99	80.69
45.753	127.61	81.285
46.248	127.29	81.898
46.768	127.03	82.521
47.313	126.78	83.121
47.882	126.53	83.702
48.483	126.3	84.257
49.102	126.08	84.8
49.699	125.91	85.379
50.283	125.75	85.976
50.866	125.57	86.568
51.424	125.36	87.176
51.954	125.15	87.806
52.496	124.93	88.422
53.064	124.67	89.001
53.661	124.37	89.531
54.277	124.05	90.023
54.899	123.71	90.491
55.504	123.38	90.99
56.059	122.95	91.465
56.402	122.29	91.886
56.545	121.49	92.159
56.614	120.69	92.437
56.65	119.88	92.716
56.674	119.07	92.975
56.687	118.25	93.218
56.684	117.42	93.407
56.668	116.58	93.54
56.635	115.73	93.642
56.574	114.88	93.735
56.479	114.04	93.815
56.363	113.2	93.894
56.212	112.36	93.97
56.054	111.53	94.079
55.922	110.7	94.247
55.818	109.88	94.471
55.735	109.08	94.733
55.679	108.28	95.031
55.631	107.48	95.339
55.583	106.69	95.646
55.536	105.89	95.952
55.495	105.09	96.247
55.475	104.28	96.509
55.473	103.46	96.739
55.474	102.64	96.965
55.475	101.81	97.191
55.465	100.99	97.401
55.432	100.15	97.576
55.373	99.312	97.711
55.306	98.469	97.834
55.231	97.626	97.945
55.167	96.778	98.008
55.13	95.925	98
55.127	95.073	97.935
55.116	94.221	97.884
55.089	93.368	97.861
55.068	92.515	97.828
55.068	91.665	97.755
55.086	90.818	97.646
55.118	89.976	97.511
55.177	89.144	97.328
55.239	88.32	97.112
55.268	87.498	96.884
55.248	86.68	96.641
55.197	85.886	96.334
55.105	85.144	95.922
54.935	84.471	95.428
54.696	83.848	94.898
54.439	83.271	94.327
54.205	82.759	93.687
53.984	82.318	92.993
53.943	82.043	92.188
53.836	81.827	91.372
53.658	81.675	90.554
53.423	81.562	89.744
53.131	81.49	88.948
52.792	81.448	88.169
52.418	81.424	87.405
52.009	81.401	86.66
51.59	81.338	85.922
51.171	81.239	85.189
50.759	81.111	84.456
50.379	80.952	83.712
50.041	80.735	82.962
49.713	80.466	82.224
49.372	80.132	81.519
49.02	79.732	80.856
48.633	79.401	80.174
48.222	79.184	79.462
47.797	79.087	78.732
47.321	79.043	78.028
46.783	79.06	77.37
46.204	79.16	76.756
45.616	79.334	76.167
44.994	79.482	75.606
44.376	79.652	75.048
43.735	79.86	74.53
43.041	80.065	74.084
42.31	80.252	73.693
41.56	80.43	73.336
40.793	80.592	73.007
40.021	80.746	72.688
39.236	80.864	72.385
38.441	80.988	72.114
37.645	81.136	71.857
36.849	81.28	71.599
36.039	81.318	71.346
35.229	81.262	71.097
34.419	81.162	70.863
33.602	81.04	70.667
