57.273	124.92	94.208
57.3	124.07	94.307
57.271	123.22	94.4
57.215	122.38	94.493
57.148	121.53	94.6
57.06	120.69	94.719
56.975	119.85	94.843
56.895	119.01	94.973
56.829	118.17	95.096
56.777	117.32	95.201
56.723	116.48	95.285
56.647	115.63	95.367
56.555	114.79	95.447
56.461	113.94	95.528
56.367	113.1	95.608
56.283	112.25	95.704
56.234	111.41	95.86
56.225	110.59	96.076
56.223	109.77	96.303
56.221	108.94	96.531
56.22	108.12	96.76
56.22	107.3	96.989
56.219	106.48	97.218
56.219	105.65	97.445
56.22	104.83	97.672
56.221	104.01	97.898
56.221	103.18	98.124
56.222	102.36	98.35
56.222	101.54	98.575
56.221	100.71	98.798
56.219	99.89	99.02
56.217	99.065	99.241
56.21	98.234	99.436
56.199	97.39	99.566
56.186	96.539	99.624
56.165	95.685	99.641
56.139	94.832	99.621
56.136	93.981	99.558
56.175	93.137	99.432
56.241	92.308	99.24
56.307	91.482	99.034
56.369	90.66	98.812
56.426	89.849	98.552
56.476	89.05	98.258
56.517	88.258	97.942
56.536	87.48	97.592
56.535	86.727	97.19
56.518	86.009	96.73
56.435	85.337	96.212
56.266	84.718	95.651
56.038	84.142	95.065
55.805	83.61	94.443
55.573	83.128	93.78
55.343	82.699	93.082
55.123	82.315	92.354
54.909	81.989	91.597
54.672	81.734	90.821
54.393	81.549	90.039
54.069	81.427	89.261
53.706	81.342	88.497
53.311	81.284	87.746
52.902	81.218	87.003
52.487	81.101	86.27
52.069	80.941	85.547
51.661	80.783	84.817
51.274	80.607	84.081
50.913	80.389	83.341
50.563	80.148	82.605
50.206	79.867	81.885
49.829	79.581	81.179
49.428	79.356	80.463
49.014	79.229	79.731
48.568	79.131	79.014
48.122	79.032	78.296
47.625	78.956	77.611
47.067	78.945	76.969
46.505	79.022	76.336
45.927	79.158	75.728
45.318	79.294	75.15
44.686	79.454	74.604
44.011	79.639	74.122
43.293	79.836	73.713
42.545	80.017	73.353
41.781	80.19	73.024
41.007	80.338	72.705
40.226	80.454	72.392
39.443	80.56	72.081
38.651	80.659	71.791
37.859	80.782	71.509
37.076	80.932	71.218
36.28	80.989	70.925
35.487	80.98	70.622
34.705	80.96	70.292
33.943	80.981	69.918
33.246	81.104	69.447
32.662	81.38	68.893
32.188	81.816	68.338
31.659	82.267	67.845
31.093	82.743	67.423
30.482	83.195	67.041
29.812	83.596	66.702
29.105	83.99	66.44
28.44	84.491	66.264
