43.63	124.63	99.938
44.391	124.25	99.956
45.136	123.84	99.91
45.857	123.43	99.728
46.538	123.01	99.431
47.239	122.63	99.133
47.974	122.27	98.895
48.726	121.93	98.705
49.476	121.56	98.54
50.212	121.17	98.367
50.921	120.74	98.171
51.53	120.22	97.896
51.848	119.54	97.485
51.972	118.78	97.124
52.12	117.95	96.978
52.229	117.1	97.001
52.3	116.26	97.091
52.314	115.43	97.302
52.297	114.63	97.59
52.28	113.83	97.889
52.289	113.03	98.187
52.436	112.22	98.408
52.686	111.41	98.526
52.953	110.6	98.6
53.211	109.79	98.673
53.438	108.97	98.755
53.585	108.14	98.853
53.67	107.29	98.964
53.717	106.45	99.111
53.737	105.62	99.303
53.738	104.8	99.529
53.739	103.98	99.755
53.74	103.15	99.982
53.741	102.33	100.21
53.741	101.51	100.43
53.742	100.68	100.66
53.743	99.86	100.89
53.744	99.037	101.11
53.748	98.211	101.33
53.756	97.381	101.53
53.795	96.549	101.71
53.878	95.715	101.87
53.994	94.878	102
54.117	94.035	102.05
54.241	93.192	102.11
54.376	92.349	102.1
54.529	91.51	102.05
54.678	90.676	101.95
54.796	89.845	101.79
54.89	89.017	101.6
54.979	88.192	101.4
55.059	87.368	101.19
55.132	86.543	100.99
55.203	85.718	100.78
55.272	84.896	100.56
55.355	84.085	100.31
55.471	83.287	100.02
55.594	82.495	99.731
55.694	81.696	99.449
55.787	80.909	99.13
55.934	80.167	98.736
56.152	79.479	98.281
56.413	78.829	97.794
56.643	78.201	97.266
56.813	77.586	96.699
56.938	76.993	96.1
57.037	76.428	95.47
57.113	75.9	94.805
57.158	75.44	94.089
57.155	75.107	93.305
57.107	74.882	92.486
57.02	74.704	91.658
56.896	74.563	90.828
56.725	74.459	90
56.498	74.394	89.183
56.21	74.372	88.382
55.905	74.354	87.588
55.59	74.346	86.798
55.27	74.36	86.01
54.944	74.391	85.225
54.615	74.419	84.441
54.282	74.457	83.659
53.924	74.527	82.89
53.539	74.612	82.136
53.178	74.69	81.37
52.822	74.757	80.6
52.446	74.795	79.838
52.016	74.782	79.104
51.552	74.724	78.394
51.075	74.626	77.697
50.572	74.489	77.025
50.025	74.315	76.399
49.442	74.082	75.826
48.871	73.773	75.277
48.331	73.431	74.716
47.874	73.126	74.067
47.46	72.837	73.382
47.048	72.535	72.702
46.643	72.191	72.038
46.248	71.788	71.401
45.861	71.349	70.783
45.453	70.883	70.199
44.98	70.386	69.696
44.429	69.875	69.297
43.837	69.341	69.002
43.239	68.771	68.797
42.687	68.142	68.643
