57.747	128.49	93.743
57.962	127.69	93.931
58.197	126.89	94.117
58.353	126.06	94.26
58.449	125.22	94.366
58.483	124.37	94.456
58.452	123.52	94.545
58.379	122.67	94.635
58.343	121.83	94.733
58.339	120.98	94.837
58.341	120.13	94.951
58.34	119.29	95.081
58.337	118.45	95.215
58.335	117.6	95.331
58.325	116.75	95.421
58.288	115.9	95.505
58.228	115.06	95.588
58.153	114.21	95.67
58.071	113.36	95.751
57.984	112.52	95.832
57.934	111.68	95.969
57.922	110.85	96.163
57.928	110.02	96.381
57.935	109.2	96.6
57.943	108.37	96.82
57.95	107.55	97.04
57.957	106.72	97.26
57.956	105.91	97.52
57.779	105.3	98.09
57.601	104.69	98.659
57.624	103.87	98.879
57.647	103.04	99.078
57.653	102.21	99.298
57.654	101.39	99.524
57.655	100.57	99.75
57.656	99.743	99.977
57.656	98.92	100.2
57.657	98.096	100.43
57.662	97.262	100.61
57.675	96.418	100.74
57.678	95.569	100.83
57.635	94.721	100.92
57.535	93.877	101
57.501	93.025	100.96
57.539	92.186	100.81
57.605	91.361	100.6
57.66	90.535	100.39
57.703	89.71	100.18
57.738	88.895	99.923
57.771	88.098	99.62
57.794	87.322	99.266
57.802	86.549	98.904
57.795	85.777	98.54
57.774	85.012	98.164
57.74	84.267	97.75
57.697	83.541	97.304
57.647	82.832	96.833
57.577	82.148	96.327
57.497	81.5	95.779
57.417	80.889	95.19
57.324	80.324	94.56
57.216	79.811	93.888
57.109	79.345	93.183
57.016	78.884	92.473
56.916	78.43	91.759
56.796	78.011	91.027
56.657	77.655	90.267
56.484	77.365	89.485
56.235	77.132	88.705
55.917	76.949	87.938
55.576	76.818	87.169
55.24	76.738	86.392
54.906	76.694	85.611
54.582	76.646	84.826
54.287	76.602	84.029
53.977	76.579	83.237
53.62	76.575	82.465
53.226	76.57	81.711
52.821	76.533	80.964
52.409	76.459	80.223
51.994	76.354	79.488
51.579	76.247	78.754
51.163	76.14	78.02
50.741	76.033	77.289
50.289	75.917	76.578
49.804	75.775	75.895
49.309	75.597	75.227
48.822	75.392	74.56
48.349	75.178	73.887
47.895	74.94	73.208
47.467	74.664	72.527
47.053	74.384	71.839
46.641	74.066	71.166
46.235	73.685	70.523
45.847	73.23	69.917
45.47	72.73	69.34
45.05	72.198	68.826
44.56	71.671	68.372
44.01	71.154	67.979
43.403	70.647	67.667
42.758	70.152	67.418
42.114	69.657	67.166
41.444	69.225	66.871
