57.757	69.986	74.324
57.879	70.016	75.166
58.016	70.01	76.006
58.154	70.004	76.846
58.284	69.928	77.684
58.347	69.807	78.524
58.361	69.615	79.353
58.37	69.322	80.153
58.374	69.017	80.948
58.384	68.762	81.76
58.425	68.542	82.581
58.466	68.353	83.411
58.446	68.227	84.252
58.395	68.163	85.1
58.384	68.139	85.95
58.419	68.18	86.8
58.485	68.305	87.639
58.554	68.495	88.466
58.625	68.733	89.28
58.732	68.996	90.083
58.872	69.288	90.87
59.045	69.613	91.638
59.253	69.964	92.385
59.492	70.326	93.118
59.684	70.65	93.881
59.825	70.949	94.666
59.969	71.234	95.455
60.182	71.514	96.23
60.464	71.826	96.97
60.716	72.295	97.634
60.903	72.945	98.153
61.1	73.645	98.597
61.345	74.364	98.985
61.625	75.079	99.355
61.914	75.782	99.74
62.172	76.519	100.08
62.396	77.273	100.41
62.6	78.033	100.74
62.807	78.787	101.08
63	79.543	101.43
63.157	80.303	101.78
63.29	81.061	102.15
63.411	81.809	102.54
63.498	82.539	102.97
63.547	83.253	103.44
63.555	83.945	103.93
63.499	84.616	104.46
63.404	85.254	105.01
63.289	85.865	105.6
63.147	86.526	106.12
63.011	87.246	106.56
62.916	88.021	106.9
62.839	88.837	107.14
62.751	89.663	107.34
62.662	90.499	107.49
62.572	91.345	107.56
62.5	92.196	107.56
62.459	93.048	107.54
62.452	93.901	107.5
62.477	94.753	107.45
62.502	95.605	107.4
62.495	96.457	107.35
62.459	97.308	107.28
62.42	98.154	107.17
62.375	98.996	107.04
62.316	99.837	106.9
62.241	100.68	106.78
62.148	101.52	106.67
62.014	102.36	106.57
61.818	103.18	106.49
61.568	103.99	106.35
61.304	104.76	106.09
61.054	105.5	105.75
60.824	106.26	105.45
60.61	107.04	105.16
60.444	107.84	104.92
60.347	108.67	104.73
60.308	109.5	104.57
60.236	110.35	104.5
60.138	111.2	104.52
60.073	112.04	104.62
60.077	112.88	104.78
60.142	113.71	104.99
60.271	114.53	105.19
60.484	115.32	105.41
60.751	116.1	105.65
60.973	116.88	105.89
61.161	117.68	106.13
61.318	118.49	106.34
61.406	119.33	106.5
61.437	120.17	106.6
61.364	121.02	106.68
61.142	121.84	106.77
60.818	122.62	106.87
60.455	123.37	107.08
60.07	124.04	107.43
59.673	124.59	107.95
59.264	125.03	108.55
58.84	125.43	109.17
58.424	125.8	109.82
58.028	126.13	110.49
57.663	126.47	111.18
57.31	126.81	111.88
56.95	127.13	112.58
56.59	127.45	113.28
56.21	127.79	113.97
55.783	128.12	114.63
55.289	128.45	115.24
54.772	128.76	115.84
54.209	129.02	116.42
53.567	129.23	116.94
52.907	129.38	117.45
52.241	129.47	117.97
51.555	129.46	118.47
50.884	129.33	118.98
