57.503	123.78	101.8
57.696	123.05	101.41
57.863	122.26	101.13
58.013	121.45	100.91
58.145	120.63	100.72
58.238	119.79	100.56
58.279	118.95	100.43
58.278	118.1	100.36
58.264	117.25	100.33
58.228	116.39	100.35
58.145	115.55	100.42
57.989	114.72	100.55
57.744	113.92	100.74
57.527	113.12	100.92
57.373	112.29	101.08
57.282	111.45	101.21
57.261	110.61	101.29
57.315	109.75	101.32
57.405	108.91	101.35
57.537	108.06	101.34
57.686	107.22	101.34
57.812	106.38	101.41
57.913	105.54	101.53
58.014	104.7	101.67
58.109	103.87	101.82
58.188	103.03	101.98
58.243	102.2	102.15
58.275	101.36	102.32
58.293	100.53	102.52
58.297	99.708	102.74
58.293	98.883	102.96
58.282	98.055	103.16
58.261	97.225	103.36
58.224	96.393	103.55
58.171	95.559	103.73
58.131	94.713	103.83
58.108	93.859	103.84
58.111	93.009	103.77
58.142	92.169	103.62
58.201	91.342	103.41
58.265	90.528	103.17
58.323	89.73	102.87
58.381	88.932	102.57
58.432	88.154	102.22
58.467	87.38	101.87
58.501	86.606	101.51
58.536	85.832	101.15
58.564	85.058	100.79
58.589	84.284	100.43
58.582	83.512	100.07
58.537	82.741	99.707
58.463	81.974	99.34
58.385	81.216	98.957
58.312	80.462	98.565
58.256	79.711	98.164
58.225	78.976	97.732
58.232	78.261	97.266
58.263	77.571	96.766
58.3	76.908	96.231
58.321	76.276	95.659
58.322	75.68	95.05
58.296	75.159	94.376
58.24	74.722	93.647
58.157	74.355	92.883
58.05	74.051	92.095
57.923	73.807	91.289
57.775	73.618	90.473
57.585	73.454	89.66
57.346	73.321	88.854
57.086	73.231	88.049
56.82	73.176	87.242
56.55	73.149	86.436
56.288	73.21	85.628
56.023	73.324	84.828
55.744	73.445	84.033
55.446	73.574	83.246
55.13	73.724	82.471
54.803	73.875	81.7
54.486	74.049	80.929
54.233	74.192	80.13
53.931	74.296	79.341
53.555	74.358	78.581
53.126	74.381	77.846
52.681	74.356	77.122
52.222	74.274	76.411
51.733	74.134	75.729
51.174	73.957	75.115
50.581	73.717	74.555
49.996	73.404	74.023
49.439	73.081	73.468
48.923	72.796	72.855
48.454	72.531	72.197
48.022	72.198	71.544
47.624	71.798	70.908
47.239	71.352	70.293
46.838	70.901	69.694
46.407	70.424	69.136
45.956	69.889	68.651
45.501	69.263	68.297
45.023	68.593	68.077
44.535	67.906	67.955
44.056	67.209	67.857
43.587	66.507	67.742
43.13	65.803	67.601
42.689	65.091	67.441
