40.737	133.11	98.666
41.383	133.31	98.15
42.012	133.4	97.586
42.626	133.45	97
43.249	133.49	96.422
43.917	133.55	95.901
44.617	133.63	95.426
45.342	133.72	94.991
46.112	133.7	94.632
46.904	133.56	94.358
47.691	133.32	94.146
48.464	132.99	94.002
49.221	132.62	93.924
49.976	132.23	93.884
50.723	131.82	93.898
51.464	131.41	93.969
52.208	131.01	94.072
52.948	130.62	94.222
53.673	130.22	94.43
54.367	129.82	94.704
55.001	129.37	95.054
55.59	128.89	95.443
56.126	128.36	95.84
56.517	127.73	96.256
56.789	127.04	96.677
56.909	126.28	97.056
56.907	125.48	97.353
56.868	124.64	97.459
56.834	123.79	97.438
56.804	122.93	97.373
56.774	122.09	97.28
56.723	121.24	97.176
56.653	120.39	97.089
56.572	119.55	97.019
56.509	118.7	96.991
56.484	117.84	97.018
56.493	116.99	97.089
56.458	116.14	97.173
56.38	115.3	97.261
56.289	114.45	97.347
56.195	113.61	97.427
56.112	112.76	97.517
56.08	111.92	97.65
56.097	111.09	97.826
56.136	110.25	97.986
56.188	109.41	98.123
56.245	108.57	98.253
56.298	107.72	98.388
56.349	106.88	98.529
56.388	106.05	98.69
56.417	105.21	98.867
56.437	104.38	99.061
56.446	103.55	99.273
56.447	102.73	99.499
56.448	101.91	99.725
56.449	101.08	99.951
56.449	100.26	100.18
56.45	99.438	100.4
56.447	98.611	100.61
56.433	97.774	100.78
56.41	96.929	100.9
56.383	96.08	100.98
56.348	95.228	101.03
56.328	94.375	101.03
56.365	93.524	100.96
56.458	92.688	100.82
56.542	91.858	100.64
56.615	91.031	100.44
56.684	90.207	100.22
56.743	89.394	99.97
56.792	88.597	99.669
56.833	87.812	99.338
56.871	87.03	98.997
56.908	86.253	98.646
56.93	85.498	98.25
56.942	84.767	97.81
56.941	84.065	97.325
56.918	83.396	96.797
56.886	82.761	96.229
56.837	82.167	95.619
56.746	81.632	94.963
56.62	81.161	94.264
56.478	80.742	93.536
56.353	80.339	92.797
56.238	79.956	92.045
56.098	79.62	91.275
55.91	79.333	90.496
55.661	79.092	89.719
55.368	78.885	88.947
55.054	78.694	88.18
54.715	78.524	87.418
54.322	78.394	86.675
53.909	78.275	85.941
53.512	78.163	85.197
53.117	78.059	84.452
52.708	77.959	83.713
52.289	77.847	82.981
51.871	77.719	82.252
51.454	77.582	81.523
51.038	77.445	80.794
50.621	77.316	80.064
50.206	77.209	79.329
49.786	77.1	78.598
49.343	76.978	77.882
48.872	76.843	77.188
48.394	76.719	76.495
47.935	76.636	75.784
47.49	76.64	75.06
47.041	76.789	74.352
46.574	77.041	73.687
46.082	77.325	73.054
45.544	77.531	72.429
44.917	77.614	71.861
44.268	77.464	71.333
43.594	77.375	70.823
42.937	77.254	70.299
42.334	77.054	69.734
41.792	76.826	69.119
41.202	76.628	68.541
40.589	76.415	67.992
39.986	76.175	67.444
39.378	75.936	66.9
38.756	75.7	66.371
38.167	75.384	65.847
