91.027	91.392	42.784
91.384	91.75	43.469
91.754	92.148	44.124
92.131	92.587	44.748
92.473	93.008	45.403
92.783	93.411	46.086
93.091	93.793	46.782
93.421	94.154	47.478
93.773	94.523	48.159
94.092	94.867	48.869
94.337	95.171	49.626
94.549	95.421	50.411
94.852	95.601	51.185
95.224	95.723	51.941
95.546	95.86	52.716
95.798	96.026	53.512
96.002	96.214	54.316
96.175	96.436	55.12
96.304	96.699	55.919
96.431	96.981	56.712
96.567	97.273	57.5
96.707	97.575	58.284
96.849	97.882	59.065
97.004	98.177	59.848
97.178	98.603	60.565
97.401	99.017	61.275
97.688	99.321	62.016
98.056	99.447	62.772
98.477	99.507	63.509
98.929	99.636	64.217
99.439	99.802	64.878
100.02	100	65.467
100.62	100.21	66.033
101.21	100.41	66.613
101.75	100.69	67.2
102.26	101.06	67.777
102.71	101.45	68.376
103.13	101.83	69.017
103.53	102.17	69.681
103.94	102.51	70.348
104.34	102.87	71.004
104.72	103.15	71.714
105.07	103.3	72.477
105.39	103.36	73.262
105.7	103.4	74.053
106.01	103.4	74.846
106.33	103.34	75.632
106.66	103.23	76.408
106.98	103.08	77.18
107.32	102.9	77.941
107.66	102.67	78.689
107.99	102.42	79.43
108.31	102.19	80.186
108.61	102.01	80.959
108.92	101.87	81.74
109.24	101.72	82.517
109.56	101.63	83.299
109.88	101.62	84.087
110.2	101.64	84.874
110.52	101.67	85.661
110.8	101.64	86.464
111.03	101.55	87.278
111.18	101.37	88.097
111.34	101.2	88.916
111.54	101.06	89.732
111.79	100.96	90.539
112.07	100.81	91.327
112.37	100.58	92.092
112.67	100.32	92.844
112.97	100.06	93.594
113.3	99.789	94.333
113.68	99.519	95.047
114.09	99.208	95.725
114.53	98.863	96.366
114.98	98.502	96.99
115.42	98.116	97.609
115.67	97.728	98.325
115.71	97.353	99.089
115.58	96.984	99.846
115.39	96.61	100.59
115.14	96.238	101.31
114.84	95.858	102.01
114.52	95.47	102.7
114.2	95.081	103.39
113.89	94.692	104.07
113.57	94.304	104.76
113.25	93.915	105.45
112.94	93.523	106.14
112.62	93.134	106.83
112.3	92.746	107.51
111.99	92.355	108.2
111.73	91.94	108.9
111.51	91.498	109.59
111.29	91.053	110.28
111.1	90.653	111.01
110.98	90.283	111.77
110.94	89.932	112.54
110.91	89.636	113.34
110.8	89.347	114.14
110.6	89.034	114.9
110.39	88.701	115.66
110.22	88.387	116.43
110.13	88.121	117.23
110.15	87.902	118.06
110.3	87.735	118.88
110.53	87.6	119.69
110.75	87.463	120.5
110.98	87.327	121.3
111.21	87.191	122.11
111.44	87.058	122.92
111.68	86.933	123.73
111.89	86.825	124.55
112.12	86.716	125.36
112.41	86.59	126.15
112.78	86.442	126.9
113.17	86.307	127.64
113.5	86.182	128.42
