89.961	91.366	42.86
90.244	91.748	43.566
90.541	92.136	44.263
90.841	92.534	44.953
91.11	92.914	45.666
91.343	93.273	46.401
91.584	93.593	47.152
91.846	93.853	47.919
92.116	94.051	48.702
92.362	94.204	49.502
92.579	94.312	50.317
92.781	94.432	51.135
92.969	94.58	51.952
93.16	94.73	52.768
93.387	94.833	53.581
93.635	94.903	54.392
93.883	94.963	55.204
94.144	95.013	56.012
94.435	95.058	56.811
94.725	95.117	57.608
94.982	95.209	58.414
95.225	95.393	59.209
95.45	95.686	59.976
95.648	96.068	60.71
95.846	96.486	61.425
96.057	96.941	62.113
96.286	97.426	62.775
96.582	97.798	63.481
96.944	98.03	64.215
97.371	98.293	64.902
97.857	98.572	65.542
98.388	98.836	66.151
98.906	99.065	66.785
99.413	99.282	67.432
99.926	99.516	68.068
100.41	99.795	68.711
100.85	100.1	69.375
101.25	100.38	70.069
101.63	100.66	70.778
101.98	100.92	71.505
102.38	101.16	72.221
102.8	101.36	72.927
103.26	101.5	73.634
103.71	101.63	74.343
104.15	101.74	75.062
104.57	101.81	75.795
104.98	101.86	76.541
105.35	101.87	77.304
105.69	101.82	78.085
105.99	101.72	78.872
106.27	101.56	79.662
106.52	101.41	80.461
106.75	101.26	81.269
106.94	101.1	82.081
107.13	100.91	82.89
107.32	100.74	83.701
107.53	100.61	84.516
107.76	100.52	85.33
108.02	100.48	86.14
108.26	100.44	86.954
108.49	100.41	87.772
108.73	100.4	88.59
108.95	100.38	89.412
109.16	100.38	90.238
109.36	100.38	91.063
109.59	100.37	91.883
109.87	100.37	92.687
110.17	100.37	93.484
110.46	100.38	94.284
110.71	100.36	95.097
110.86	100.29	95.931
110.91	100.2	96.776
110.94	100.08	97.619
110.99	99.917	98.452
111.04	99.71	99.276
111.05	99.487	100.1
111	99.251	100.91
110.9	99.018	101.73
110.73	98.824	102.54
110.5	98.653	103.34
110.24	98.474	104.13
109.97	98.272	104.91
109.69	98.043	105.68
109.41	97.788	106.44
109.14	97.532	107.21
108.93	97.288	108
108.79	97.047	108.8
108.69	96.757	109.6
108.61	96.435	110.38
108.57	96.109	111.17
108.56	95.79	111.96
108.56	95.47	112.75
108.56	95.164	113.54
108.58	94.902	114.35
108.6	94.686	115.17
108.67	94.508	116
108.8	94.372	116.83
108.98	94.278	117.66
109.21	94.174	118.47
109.47	94.057	119.27
109.78	93.935	120.06
110.11	93.815	120.83
110.47	93.685	121.59
110.84	93.545	122.35
111.21	93.395	123.1
111.56	93.22	123.85
111.91	93.018	124.6
112.23	92.84	125.37
112.54	92.696	126.15
112.86	92.544	126.92
113.17	92.364	127.69
113.51	92.151	128.45
113.88	91.926	129.18
114.28	91.71	129.9
114.7	91.525	130.61
115.12	91.34	131.33
