90.279	92.29	42.171
90.572	92.668	42.876
90.881	93.059	43.565
91.212	93.472	44.232
91.531	93.88	44.907
91.821	94.272	45.605
92.086	94.642	46.325
92.368	94.963	47.061
92.666	95.254	47.803
92.965	95.525	48.552
93.242	95.766	49.319
93.485	95.976	50.107
93.755	96.191	50.885
94.083	96.373	51.649
94.408	96.528	52.42
94.605	96.718	53.226
94.673	96.944	54.044
94.742	97.173	54.861
94.813	97.404	55.677
94.914	97.659	56.483
95.054	97.944	57.273
95.228	98.253	58.047
95.421	98.588	58.805
95.614	98.952	59.55
95.803	99.391	60.255
96.026	99.796	60.97
96.316	100.03	61.735
96.69	100.03	62.499
97.108	99.97	63.238
97.577	100.2	63.908
98.047	100.52	64.543
98.546	100.82	65.161
99.078	101.08	65.772
99.621	101.29	66.39
100.16	101.48	67.018
100.69	101.67	67.653
101.21	101.87	68.3
101.69	102.12	68.955
102.14	102.38	69.627
102.56	102.67	70.311
102.97	102.95	71.001
103.35	103.16	71.729
103.7	103.29	72.494
104.02	103.36	73.279
104.33	103.43	74.069
104.62	103.51	74.866
104.91	103.57	75.663
105.2	103.63	76.46
105.49	103.67	77.26
105.77	103.7	78.064
106.05	103.69	78.865
106.32	103.64	79.671
106.54	103.56	80.491
106.71	103.49	81.321
106.9	103.39	82.144
107.12	103.27	82.958
107.34	103.14	83.771
107.56	103.06	84.589
107.81	103.06	85.401
108.09	103.09	86.205
108.36	103.13	87.01
108.62	103.16	87.819
108.88	103.22	88.628
109.12	103.28	89.441
109.35	103.33	90.259
109.57	103.36	91.082
109.78	103.38	91.906
110.08	103.38	92.702
110.43	103.33	93.475
110.77	103.25	94.253
111.04	103.14	95.053
111.25	103.01	95.865
111.42	102.85	96.685
111.54	102.68	97.51
111.61	102.5	98.339
111.64	102.31	99.167
111.65	102.11	99.995
111.63	101.91	100.82
111.54	101.72	101.65
111.39	101.56	102.47
111.17	101.42	103.28
110.92	101.25	104.08
110.65	101.04	104.85
110.33	100.82	105.61
109.98	100.6	106.36
109.63	100.36	107.1
109.3	100.11	107.84
109	99.872	108.6
108.72	99.634	109.37
108.5	99.401	110.15
108.34	99.164	110.96
108.22	98.935	111.77
108.12	98.715	112.58
108.08	98.484	113.4
108.09	98.244	114.22
108.12	98.006	115.04
108.18	97.754	115.85
108.27	97.472	116.65
108.45	97.143	117.41
108.72	96.829	118.15
109.09	96.555	118.87
109.48	96.337	119.59
109.89	96.182	120.33
110.3	96.07	121.06
110.71	95.993	121.8
111.1	95.931	122.56
111.49	95.88	123.31
111.87	95.863	124.07
112.23	95.862	124.84
112.59	95.851	125.61
112.91	95.787	126.4
113.19	95.677	127.19
113.42	95.549	128
113.66	95.446	128.81
113.9	95.343	129.62
114.17	95.252	130.42
114.51	95.165	131.2
114.9	95.079	131.95
