90.487	91.205	42.809
90.808	91.571	43.507
91.143	91.962	44.185
91.485	92.383	44.841
91.801	92.79	45.518
92.088	93.18	46.219
92.367	93.532	46.941
92.658	93.832	47.683
92.962	94.091	48.434
93.247	94.294	49.21
93.513	94.429	50.007
93.774	94.532	50.81
94.027	94.648	51.614
94.258	94.782	52.422
94.448	94.92	53.24
94.593	95.071	54.065
94.749	95.205	54.891
94.942	95.311	55.713
95.151	95.404	56.533
95.35	95.504	57.354
95.534	95.617	58.177
95.7	95.806	58.99
95.839	96.103	59.776
95.964	96.486	60.526
96.122	96.911	61.247
96.304	97.399	61.921
96.512	97.944	62.542
96.757	98.547	63.091
97.033	99.229	63.521
97.385	99.834	64.007
97.81	100.31	64.567
98.302	100.65	65.173
98.829	100.93	65.778
99.369	101.15	66.398
99.911	101.34	67.026
100.44	101.53	67.661
100.95	101.75	68.304
101.44	101.98	68.96
101.89	102.24	69.633
102.31	102.52	70.32
102.71	102.8	71.015
103.1	103.02	71.739
103.46	103.15	72.5
103.79	103.22	73.281
104.1	103.3	74.066
104.4	103.39	74.858
104.71	103.46	75.65
105.01	103.52	76.443
105.3	103.58	77.239
105.58	103.61	78.042
105.86	103.63	78.845
106.12	103.6	79.655
106.33	103.54	80.477
106.49	103.48	81.311
106.67	103.39	82.138
106.87	103.27	82.958
107.06	103.13	83.776
107.25	103.03	84.599
107.47	102.98	85.42
107.71	102.99	86.236
107.94	103	87.054
108.16	103.02	87.877
108.37	103.06	88.7
108.58	103.12	89.523
108.76	103.17	90.354
108.89	103.18	91.195
108.97	103.16	92.042
109.19	103.12	92.864
109.51	103.08	93.65
109.85	103.01	94.428
110.11	102.92	95.232
110.27	102.78	96.054
110.37	102.6	96.881
110.44	102.42	97.71
110.5	102.23	98.538
110.5	102.03	99.366
110.44	101.82	100.19
110.32	101.62	101.01
110.16	101.45	101.83
109.95	101.33	102.64
109.7	101.23	103.45
109.4	101.1	104.24
109.06	100.97	105
108.68	100.84	105.75
108.4	100.66	106.54
108.22	100.45	107.34
108.09	100.24	108.16
107.96	100.02	108.97
107.84	99.8	109.78
107.73	99.583	110.6
107.63	99.364	111.42
107.52	99.146	112.23
107.45	98.904	113.04
107.44	98.634	113.85
107.46	98.347	114.65
107.47	98.066	115.46
107.5	97.774	116.26
107.56	97.449	117.04
107.69	97.066	117.79
107.88	96.672	118.52
108.14	96.297	119.24
108.46	96.004	119.97
108.85	95.788	120.7
109.28	95.614	121.41
109.7	95.5	122.14
110.09	95.429	122.89
110.48	95.364	123.65
110.87	95.3	124.4
111.25	95.243	125.16
111.63	95.195	125.92
112.01	95.129	126.68
112.33	95.034	127.46
112.61	94.917	128.25
112.84	94.783	129.06
113.04	94.656	129.88
113.23	94.538	130.7
113.42	94.417	131.52
113.64	94.286	132.33
