94.068	93.179	55.824
94.466	93.281	56.568
94.851	93.382	57.32
95.168	93.509	58.099
95.418	93.681	58.894
95.682	93.908	59.671
95.98	94.202	60.412
96.273	94.575	61.118
96.519	95.011	61.807
96.726	95.495	62.477
96.927	95.963	63.159
97.165	96.372	63.867
97.455	96.736	64.579
97.836	97.071	65.263
98.305	97.356	65.912
98.829	97.596	66.537
99.321	97.846	67.184
99.819	98.116	67.819
100.35	98.393	68.421
100.87	98.677	69.033
101.34	98.961	69.681
101.79	99.297	70.321
102.23	99.634	70.964
102.65	99.937	71.64
103.08	100.19	72.326
103.55	100.41	72.999
104.06	100.58	73.663
104.56	100.72	74.335
105.06	100.81	75.019
105.55	100.84	75.711
106.02	100.79	76.415
106.46	100.69	77.138
106.83	100.53	77.887
107.16	100.33	78.645
107.45	100.09	79.41
107.66	99.814	80.186
107.87	99.519	80.958
108.08	99.211	81.723
108.27	98.885	82.485
108.46	98.598	83.264
108.67	98.364	84.057
108.84	98.166	84.867
108.97	97.951	85.68
109.07	97.741	86.499
109.16	97.566	87.327
109.28	97.416	88.156
109.43	97.284	88.983
109.58	97.144	89.81
109.69	96.98	90.637
109.79	96.803	91.465
109.92	96.634	92.288
110.13	96.478	93.1
110.36	96.335	93.906
110.57	96.172	94.715
110.74	95.989	95.527
110.86	95.786	96.345
110.89	95.566	97.167
110.83	95.336	97.985
110.73	95.106	98.798
110.62	94.878	99.611
110.51	94.656	100.43
110.35	94.409	101.23
110.17	94.124	102.01
109.97	93.81	102.77
109.75	93.494	103.53
109.48	93.19	104.28
109.2	92.903	105.03
108.93	92.63	105.79
108.75	92.342	106.57
108.7	92.021	107.36
108.7	91.684	108.14
108.67	91.342	108.92
108.57	90.997	109.69
108.43	90.658	110.46
108.31	90.332	111.24
108.18	90.013	112.02
107.99	89.702	112.79
107.8	89.403	113.56
107.58	89.116	114.33
107.32	88.843	115.09
106.99	88.559	115.82
106.58	88.232	116.49
106.11	87.9	117.12
105.62	87.563	117.73
105.16	87.249	118.38
104.79	86.934	119.07
104.42	86.647	119.78
104.04	86.366	120.49
103.69	86.115	121.23
103.41	85.896	122
103.15	85.698	122.79
102.87	85.54	123.57
102.61	85.414	124.38
102.38	85.312	125.19
102.15	85.244	126
101.94	85.22	126.83
101.72	85.18	127.65
101.49	85.126	128.47
101.22	85.07	129.27
100.9	85.021	130.06
100.59	84.972	130.85
100.23	84.948	131.62
99.889	85.004	132.4
99.613	85.218	133.18
99.57	85.622	133.92
