91.603	94.655	58.141
92.019	94.847	58.857
92.426	95.112	59.556
92.834	95.415	60.238
93.222	95.77	60.907
93.599	96.167	61.558
93.976	96.598	62.187
94.359	97.044	62.803
94.734	97.494	63.42
95.106	97.945	64.039
95.49	98.413	64.637
95.913	98.899	65.193
96.386	99.379	65.713
96.895	99.844	66.211
97.448	100.24	66.718
98.023	100.56	67.261
98.58	100.81	67.849
99.073	101.12	68.468
99.526	101.51	69.078
99.966	101.9	69.692
100.4	102.25	70.337
100.79	102.56	71.02
101.16	102.84	71.737
101.51	103.08	72.474
101.84	103.29	73.228
102.17	103.48	73.99
102.48	103.66	74.761
102.79	103.84	75.532
103.12	104.02	76.295
103.47	104.19	77.051
103.8	104.33	77.826
104.09	104.44	78.617
104.35	104.51	79.425
104.55	104.55	80.251
104.68	104.55	81.091
104.82	104.52	81.931
104.97	104.45	82.765
105.13	104.36	83.596
105.26	104.29	84.435
105.36	104.22	85.277
105.46	104.13	86.118
105.55	104.05	86.959
105.63	103.92	87.798
105.68	103.78	88.635
105.72	103.7	89.482
105.78	103.72	90.331
105.9	103.77	91.172
106.1	103.81	91.998
106.35	103.86	92.811
106.47	103.88	93.653
106.5	103.88	94.504
106.57	103.82	95.351
106.73	103.72	96.18
106.99	103.6	96.982
107.18	103.49	97.803
107.3	103.39	98.639
107.37	103.3	99.483
107.39	103.22	100.33
107.35	103.16	101.18
107.24	103.1	102.02
107.08	103.09	102.86
106.87	103.11	103.68
106.57	103.15	104.48
106.2	103.19	105.24
105.79	103.22	105.99
105.51	103.18	106.79
105.46	103.06	107.63
105.46	102.91	108.47
105.59	102.73	109.29
105.65	102.54	110.12
105.65	102.33	110.94
105.59	102.11	111.76
105.48	101.89	112.58
105.37	101.67	113.39
105.27	101.44	114.21
105.15	101.2	115.01
104.98	100.96	115.81
104.73	100.72	116.59
104.43	100.5	117.36
104.1	100.29	118.11
103.75	100.09	118.86
103.41	99.921	119.62
103.06	99.84	120.4
102.72	99.837	121.17
102.37	99.888	121.95
102.04	100	122.72
101.72	100.18	123.49
101.44	100.37	124.27
101.16	100.6	125.04
100.88	100.87	125.8
100.63	101.1	126.58
100.41	101.29	127.38
100.22	101.44	128.2
100.06	101.56	129.03
99.938	101.67	129.86
99.842	101.79	130.7
99.767	101.93	131.54
99.786	102.03	132.38
99.949	102.03	133.22
100.21	101.95	134.02
