96.345	92.206	58.005
96.415	92.221	58.853
96.441	92.282	59.702
96.448	92.501	60.524
96.466	92.868	61.293
96.472	93.224	62.066
96.66	93.7	62.748
96.904	94.203	63.39
97.168	94.65	64.064
97.461	95.058	64.752
97.81	95.468	65.411
98.231	95.86	66.038
98.728	96.202	66.637
99.22	96.538	67.244
99.69	96.888	67.861
100.18	97.23	68.467
100.69	97.584	69.047
101.22	97.937	69.609
101.74	98.332	70.158
102.25	98.723	70.714
102.73	99.088	71.308
103.17	99.39	71.974
103.64	99.663	72.627
104.16	99.909	73.253
104.7	100.09	73.888
105.23	100.22	74.535
105.77	100.29	75.186
106.32	100.27	75.84
106.83	100.19	76.512
107.3	100.06	77.211
107.67	99.842	77.944
107.99	99.563	78.681
108.28	99.246	79.417
108.56	98.899	80.143
108.82	98.517	80.857
109.06	98.102	81.563
109.26	97.667	82.268
109.41	97.199	82.963
109.53	96.712	83.653
109.59	96.211	84.339
109.6	95.701	85.022
109.58	95.167	85.686
109.6	94.658	86.369
109.63	94.178	87.073
109.57	93.701	87.776
109.43	93.215	88.463
109.54	92.759	89.173
109.78	92.323	89.867
109.99	91.871	90.558
110.24	91.467	91.264
110.38	91.066	92.003
110.51	90.666	92.742
110.85	90.275	93.42
111.16	89.836	94.08
111.42	89.376	94.75
111.59	88.891	95.428
111.67	88.38	96.106
111.66	87.901	96.811
111.54	87.472	97.536
111.3	87.078	98.251
110.96	86.685	98.925
110.57	86.287	99.569
110.17	85.888	100.21
109.8	85.493	100.86
109.49	85.081	101.54
109.31	84.659	102.26
109.24	84.243	103
109.23	83.86	103.76
109.41	83.616	104.56
109.55	83.385	105.36
109.69	83.196	106.18
109.83	83.041	107.01
109.97	82.861	107.83
110.1	82.659	108.64
110.22	82.437	109.46
110.34	82.181	110.26
110.48	81.885	111.05
110.65	81.584	111.82
110.82	81.285	112.6
111.02	80.987	113.38
111.21	80.617	114.12
111.38	80.178	114.83
111.5	79.704	115.53
111.59	79.256	116.25
111.79	78.906	116.99
112.18	78.696	117.72
112.61	78.541	118.44
113.03	78.362	119.16
113.43	78.153	119.88
113.83	77.946	120.6
114.28	77.765	121.3
114.75	77.597	121.99
115.24	77.435	122.67
115.69	77.255	123.36
116.1	77.059	124.09
116.46	76.855	124.83
116.79	76.656	125.59
117.06	76.442	126.36
117.28	76.188	127.15
