90.23	95.273	49.612
90.497	95.306	50.42
90.706	95.323	51.244
90.877	95.331	52.078
91.06	95.347	52.909
91.288	95.363	53.729
91.577	95.349	54.529
91.886	95.336	55.321
92.188	95.341	56.117
92.489	95.381	56.912
92.835	95.456	57.685
93.209	95.557	58.443
93.573	95.724	59.193
93.918	95.985	59.926
94.239	96.346	60.626
94.568	96.752	61.298
94.903	97.202	61.939
95.216	97.684	62.566
95.529	98.183	63.181
95.861	98.715	63.757
96.223	99.293	64.267
96.616	99.88	64.742
97.029	100.44	65.232
97.499	100.91	65.767
98.025	101.28	66.323
98.579	101.54	66.911
99.115	101.75	67.535
99.63	102.04	68.149
100.13	102.36	68.754
100.63	102.66	69.374
101.1	102.92	70.034
101.53	103.18	70.722
101.91	103.44	71.434
102.26	103.65	72.186
102.56	103.77	72.971
102.83	103.9	73.765
103.09	104.04	74.567
103.33	104.19	75.367
103.61	104.35	76.154
103.93	104.51	76.929
104.23	104.64	77.713
104.52	104.74	78.507
104.78	104.81	79.313
105	104.86	80.135
105.16	104.87	80.971
105.32	104.84	81.805
105.51	104.77	82.631
105.72	104.65	83.449
105.87	104.54	84.281
105.97	104.45	85.12
106.09	104.36	85.958
106.22	104.26	86.792
106.35	104.13	87.625
106.5	104.12	88.463
106.68	104.21	89.289
106.9	104.36	90.098
107.14	104.48	90.906
107.36	104.57	91.723
107.55	104.64	92.549
107.77	104.68	93.369
108.09	104.67	94.16
108.45	104.62	94.928
108.8	104.54	95.698
109.11	104.44	96.486
109.37	104.31	97.287
109.56	104.17	98.102
109.63	104.01	98.935
109.6	103.85	99.771
109.56	103.7	100.61
109.45	103.55	101.44
109.29	103.44	102.27
109.07	103.34	103.08
108.81	103.24	103.89
108.48	103.13	104.66
108.09	103.03	105.42
107.69	102.92	106.16
107.28	102.79	106.89
106.88	102.64	107.62
106.64	102.49	108.43
106.6	102.32	109.26
106.66	102.13	110.09
106.67	101.92	110.92
106.62	101.71	111.74
106.5	101.49	112.55
106.41	101.26	113.37
106.34	101	114.17
106.29	100.71	114.97
106.25	100.41	115.77
106.17	100.1	116.56
106.08	99.786	117.34
105.99	99.413	118.11
105.92	98.947	118.81
105.81	98.446	119.5
105.65	97.965	120.18
105.46	97.501	120.87
105.18	97.162	121.6
