91.145	95.913	58.004
91.537	96.052	58.746
91.939	96.244	59.47
92.34	96.495	60.177
92.732	96.806	60.865
93.109	97.185	61.527
93.475	97.629	62.154
93.83	98.093	62.774
94.187	98.555	63.393
94.572	98.999	64.009
94.99	99.46	64.589
95.426	99.966	65.116
95.868	100.49	65.625
96.331	100.99	66.127
96.857	101.46	66.608
97.444	101.84	67.093
98.027	102.15	67.626
98.566	102.49	68.187
99.067	102.92	68.724
99.55	103.35	69.277
100.02	103.74	69.872
100.46	104.1	70.502
100.86	104.41	71.188
101.17	104.66	71.94
101.4	104.84	72.737
101.62	105.03	73.539
101.8	105.23	74.346
102	105.44	75.147
102.24	105.66	75.934
102.51	105.88	76.707
102.8	106.12	77.472
103.09	106.38	78.23
103.38	106.61	78.997
103.65	106.77	79.786
103.9	106.9	80.59
104.13	107.04	81.396
104.35	107.2	82.203
104.6	107.39	82.993
104.92	107.62	83.748
105.27	107.89	84.474
105.64	108.16	85.191
106.04	108.43	85.892
106.48	108.71	86.564
106.97	108.99	87.205
107.48	109.27	87.822
108.01	109.55	88.429
108.52	109.82	89.044
109.05	110.07	89.666
109.57	110.28	90.304
110.1	110.42	90.954
110.62	110.47	91.619
111.13	110.46	92.301
111.6	110.4	93.008
112.03	110.31	93.738
112.4	110.23	94.496
112.76	110.12	95.264
113.09	109.99	96.037
113.34	109.84	96.834
113.46	109.64	97.654
113.46	109.43	98.479
113.4	109.22	99.302
113.3	109.01	100.12
113.16	108.79	100.93
112.97	108.58	101.73
112.73	108.36	102.52
112.43	108.13	103.28
112.05	107.87	104
111.61	107.56	104.66
111.13	107.21	105.27
110.66	106.82	105.86
110.2	106.47	106.48
109.75	106.15	107.13
109.3	105.83	107.78
108.85	105.53	108.43
108.41	105.25	109.11
108	105.01	109.81
107.7	104.77	110.57
107.52	104.5	111.36
107.48	104.21	112.16
107.51	103.95	112.97
107.57	103.73	113.79
107.63	103.48	114.6
107.73	103.21	115.4
107.88	102.91	116.18
108.11	102.67	116.97
108.44	102.52	117.73
108.89	102.47	118.46
109.41	102.53	119.13
109.91	102.69	119.8
110.38	102.93	120.47
110.8	103.18	121.16
111.16	103.44	121.89
111.44	103.71	122.64
111.7	103.99	123.4
111.96	104.28	124.16
112.24	104.62	124.89
112.57	105.02	125.56
112.89	105.44	126.23
113.09	105.84	126.96
113.12	106.2	127.73
113.03	106.63	128.46
