90.079	90.711	42.55
90.376	91.073	43.26
90.694	91.427	43.965
91.023	91.816	44.648
91.333	92.219	45.33
91.613	92.606	46.035
91.865	92.971	46.761
92.137	93.281	47.505
92.421	93.528	48.269
92.691	93.721	49.052
92.938	93.856	49.855
93.18	93.929	50.668
93.402	94.019	51.485
93.582	94.137	52.308
93.759	94.252	53.132
93.961	94.348	53.954
94.172	94.437	54.773
94.415	94.518	55.585
94.708	94.585	56.381
94.994	94.662	57.178
95.243	94.769	57.985
95.459	94.914	58.795
95.675	95.156	59.582
95.878	95.489	60.338
96.064	95.885	61.069
96.244	96.318	61.78
96.428	96.774	62.475
96.64	97.222	63.168
96.919	97.577	63.889
97.282	97.87	64.601
97.723	98.151	65.271
98.233	98.41	65.9
98.757	98.645	66.527
99.256	98.863	67.18
99.767	99.096	67.819
100.27	99.362	68.45
100.74	99.653	69.098
101.16	99.948	69.777
101.56	100.24	70.467
101.94	100.52	71.171
102.33	100.78	71.886
102.75	101.01	72.588
103.2	101.18	73.285
103.67	101.32	73.983
104.13	101.44	74.688
104.58	101.53	75.406
105.01	101.58	76.138
105.41	101.58	76.888
105.78	101.53	77.653
106.12	101.41	78.425
106.43	101.26	79.203
106.71	101.08	79.983
106.97	100.89	80.775
107.18	100.69	81.571
107.38	100.45	82.363
107.58	100.23	83.161
107.8	100.06	83.965
108.04	99.942	84.774
108.29	99.847	85.583
108.53	99.752	86.393
108.77	99.658	87.203
109.02	99.579	88.014
109.26	99.514	88.827
109.51	99.449	89.639
109.72	99.379	90.461
109.9	99.302	91.289
110.08	99.214	92.115
110.33	99.13	92.925
110.68	99.056	93.697
111	98.972	94.48
111.28	98.883	95.281
111.52	98.784	96.092
111.69	98.641	96.912
111.81	98.475	97.739
111.88	98.287	98.566
111.92	98.046	99.382
111.93	97.763	100.19
111.92	97.463	100.98
111.86	97.156	101.77
111.74	96.848	102.56
111.55	96.527	103.32
111.3	96.206	104.07
111.03	95.904	104.82
110.74	95.619	105.57
110.43	95.295	106.29
110.12	94.941	107
109.81	94.591	107.72
109.55	94.251	108.45
109.36	93.904	109.2
109.25	93.549	109.97
109.19	93.195	110.74
109.15	92.849	111.52
109.12	92.508	112.3
109.11	92.175	113.08
109.09	91.858	113.87
109.06	91.559	114.67
109.06	91.29	115.48
109.09	91.088	116.3
109.16	91.039	117.15
109.21	91.273	117.97
109.26	91.543	118.77
109.34	91.771	119.59
109.53	91.823	120.42
109.81	91.711	121.21
110.14	91.537	121.98
110.48	91.322	122.73
110.8	91.08	123.48
111.09	90.824	124.24
111.33	90.552	125.01
111.52	90.273	125.79
111.66	90.014	126.59
111.75	89.77	127.4
111.77	89.545	128.22
111.7	89.354	129.05
111.57	89.17	129.87
111.46	88.975	130.69
