94.861	94.524	49.975
95.153	94.639	50.765
95.458	94.75	51.552
95.774	94.869	52.333
96.051	94.983	53.129
96.315	95.08	53.932
96.552	95.183	54.743
96.702	95.354	55.563
96.756	95.596	56.378
96.808	95.837	57.192
96.857	96.076	58.008
96.899	96.341	58.816
96.938	96.65	59.608
96.987	97.002	60.382
97.086	97.425	61.115
97.225	97.944	61.776
97.477	98.319	62.497
97.819	98.506	63.254
98.212	98.617	64
98.651	98.787	64.708
99.146	98.957	65.378
99.705	99.143	65.991
100.28	99.343	66.588
100.86	99.545	67.175
101.43	99.785	67.753
101.94	100.14	68.332
102.4	100.54	68.927
102.79	100.95	69.563
103.19	101.32	70.218
103.6	101.65	70.887
104.01	101.96	71.566
104.41	102.19	72.279
104.8	102.33	73.02
105.18	102.41	73.779
105.51	102.48	74.561
105.82	102.47	75.353
106.16	102.41	76.129
106.51	102.31	76.896
106.85	102.16	77.664
107.19	101.98	78.424
107.52	101.76	79.175
107.84	101.52	79.926
108.12	101.28	80.695
108.37	101.03	81.47
108.61	100.76	82.24
108.86	100.53	83.021
109.12	100.42	83.824
109.38	100.38	84.634
109.64	100.35	85.443
109.9	100.3	86.253
110.14	100.22	87.064
110.36	100.09	87.877
110.55	99.924	88.689
110.74	99.785	89.507
110.93	99.664	90.326
111.14	99.525	91.139
111.38	99.343	91.938
111.62	99.122	92.722
111.85	98.899	93.511
112.07	98.689	94.307
112.28	98.472	95.103
112.47	98.236	95.898
112.63	97.997	96.699
112.74	97.777	97.514
112.79	97.521	98.325
112.8	97.224	99.123
112.79	96.889	99.906
112.72	96.542	100.68
112.57	96.179	101.44
112.34	95.81	102.17
112.06	95.437	102.88
111.78	95.076	103.6
111.5	94.724	104.32
111.18	94.366	105.03
110.87	93.98	105.72
110.55	93.597	106.41
110.26	93.227	107.12
110.03	92.855	107.85
109.85	92.482	108.59
109.68	92.111	109.34
109.5	91.744	110.09
109.37	91.383	110.85
109.28	91.032	111.62
109.22	90.686	112.39
109.15	90.351	113.17
109.11	90.022	113.96
109.06	89.692	114.74
109.01	89.356	115.52
108.86	88.993	116.28
108.59	88.611	116.99
108.25	88.223	117.67
107.92	87.864	118.37
107.67	87.565	119.12
107.56	87.333	119.93
