96.458	93.434	63.414
96.711	93.874	64.098
96.981	94.274	64.799
97.277	94.679	65.487
97.624	95.105	66.136
98.042	95.52	66.751
98.48	95.947	67.342
98.908	96.374	67.941
99.317	96.781	68.566
99.722	97.204	69.183
100.13	97.648	69.783
100.54	98.103	70.377
100.99	98.484	70.991
101.44	98.807	71.631
101.9	99.105	72.286
102.39	99.368	72.928
102.92	99.593	73.55
103.49	99.782	74.149
104.06	99.948	74.761
104.62	100.07	75.387
105.18	100.11	76.026
105.69	100.11	76.705
106.15	100.04	77.42
106.52	99.902	78.175
106.89	99.765	78.929
107.22	99.587	79.692
107.5	99.363	80.465
107.73	99.104	81.241
107.96	98.827	82.014
108.17	98.53	82.782
108.35	98.214	83.552
108.55	97.944	84.335
108.73	97.705	85.132
108.85	97.475	85.943
108.93	97.235	86.755
108.99	97.012	87.575
109.07	96.815	88.399
109.22	96.648	89.22
109.41	96.514	90.04
109.58	96.373	90.862
109.7	96.208	91.688
109.83	96.023	92.509
110.04	95.839	93.314
110.27	95.674	94.114
110.5	95.537	94.922
110.7	95.374	95.735
110.85	95.183	96.551
110.97	94.957	97.362
111.03	94.71	98.175
110.99	94.46	98.988
110.9	94.211	99.797
110.78	93.96	100.6
110.62	93.713	101.4
110.43	93.446	102.19
110.23	93.145	102.96
110.05	92.815	103.72
109.81	92.475	104.46
109.53	92.144	105.2
109.24	91.832	105.93
108.96	91.536	106.68
108.84	91.229	107.47
108.82	90.904	108.25
108.8	90.561	109.03
108.73	90.212	109.81
108.64	89.861	110.58
108.49	89.508	111.34
108.34	89.167	112.1
108.17	88.835	112.87
107.99	88.511	113.63
107.78	88.197	114.4
107.53	87.892	115.15
107.24	87.601	115.9
106.89	87.312	116.62
106.48	87.017	117.31
106.04	86.713	117.96
105.59	86.392	118.61
105.2	86.09	119.3
104.82	85.81	120.01
104.42	85.545	120.72
104.03	85.299	121.43
103.71	85.092	122.19
103.43	84.916	122.98
103.15	84.768	123.77
102.87	84.646	124.56
102.61	84.538	125.37
102.38	84.448	126.18
102.15	84.398	127
101.94	84.377	127.82
101.72	84.356	128.64
101.47	84.344	129.46
101.19	84.348	130.26
100.86	84.353	131.04
100.51	84.371	131.82
100.18	84.459	132.6
99.93	84.689	133.38
99.788	85.075	134.13
99.667	85.488	134.86
