90.321	92.555	42.265
90.613	92.936	42.968
90.924	93.333	43.654
91.258	93.75	44.316
91.571	94.154	44.997
91.85	94.542	45.701
92.117	94.901	46.425
92.401	95.221	47.161
92.697	95.518	47.902
92.992	95.795	48.65
93.271	96.046	49.414
93.533	96.277	50.19
93.82	96.498	50.96
94.156	96.677	51.721
94.456	96.846	52.499
94.646	97.047	53.304
94.755	97.274	54.117
94.867	97.504	54.929
94.982	97.738	55.739
95.123	97.998	56.538
95.292	98.279	57.323
95.483	98.581	58.096
95.676	98.911	58.856
95.851	99.274	59.606
96.047	99.654	60.343
96.281	100.01	61.079
96.588	100.11	61.866
96.972	99.985	62.615
97.397	99.935	63.349
97.865	100.15	64.026
98.346	100.43	64.67
98.862	100.7	65.291
99.404	100.93	65.903
99.953	101.13	66.519
100.5	101.31	67.147
101.02	101.51	67.787
101.52	101.74	68.435
101.99	102.01	69.093
102.42	102.3	69.767
102.83	102.59	70.451
103.24	102.87	71.141
103.63	103.08	71.872
103.97	103.2	72.638
104.3	103.27	73.421
104.61	103.34	74.21
104.9	103.4	75.007
105.19	103.46	75.805
105.47	103.5	76.607
105.75	103.52	77.41
106.04	103.51	78.211
106.34	103.46	79.006
106.61	103.37	79.808
106.83	103.26	80.621
107.02	103.17	81.446
107.23	103.06	82.264
107.45	102.94	83.076
107.67	102.81	83.889
107.92	102.75	84.699
108.21	102.77	85.502
108.5	102.82	86.3
108.78	102.86	87.101
109.05	102.9	87.906
109.32	102.95	88.714
109.57	102.99	89.525
109.82	103.02	90.337
110.08	103.06	91.146
110.36	103.08	91.948
110.68	103.07	92.737
111.01	103	93.521
111.31	102.9	94.309
111.57	102.77	95.108
111.79	102.62	95.917
111.98	102.47	96.735
112.1	102.31	97.56
112.17	102.12	98.388
112.22	101.93	99.217
112.27	101.74	100.05
112.3	101.55	100.87
112.27	101.36	101.7
112.15	101.16	102.52
111.95	100.97	103.33
111.7	100.77	104.12
111.43	100.55	104.89
111.13	100.31	105.65
110.79	100.06	106.39
110.41	99.811	107.11
110.02	99.555	107.82
109.66	99.304	108.55
109.34	99.053	109.3
109.07	98.777	110.06
108.88	98.5	110.84
108.74	98.241	111.64
108.62	98.019	112.45
108.58	97.793	113.27
108.58	97.572	114.09
108.63	97.371	114.92
108.71	97.142	115.74
108.85	96.872	116.53
109.07	96.613	117.31
109.37	96.386	118.08
109.72	96.192	118.83
110.11	96.037	119.57
110.5	95.928	120.32
110.89	95.849	121.07
111.28	95.791	121.82
111.67	95.752	122.58
112.07	95.728	123.33
112.45	95.717	124.09
112.82	95.701	124.85
113.18	95.664	125.62
113.53	95.594	126.4
113.88	95.499	127.16
114.29	95.361	127.9
114.78	95.227	128.58
115.37	95.095	129.18
115.95	94.962	129.78
116.57	94.859	130.36
