96.828	94.365	56.005
96.939	94.453	56.844
97.026	94.567	57.683
97.088	94.761	58.509
97.154	95.015	59.319
97.23	95.322	60.11
97.312	95.669	60.884
97.412	96.032	61.647
97.54	96.389	62.41
97.728	96.713	63.174
97.98	97.017	63.928
98.306	97.303	64.66
98.728	97.54	65.359
99.234	97.733	66.014
99.761	97.939	66.649
100.31	98.173	67.254
100.92	98.403	67.795
101.54	98.696	68.305
102.09	99.094	68.817
102.59	99.546	69.33
103.07	100	69.869
103.52	100.42	70.461
103.95	100.79	71.092
104.37	101.14	71.739
104.81	101.42	72.415
105.25	101.6	73.121
105.67	101.7	73.851
106.1	101.72	74.587
106.54	101.63	75.311
106.98	101.48	76.023
107.39	101.29	76.743
107.75	101.05	77.475
108.1	100.77	78.199
108.42	100.45	78.919
108.7	100.1	79.643
108.95	99.742	80.374
109.2	99.353	81.089
109.43	98.935	81.795
109.6	98.504	82.51
109.76	98.105	83.246
109.89	97.713	83.991
109.95	97.296	84.732
109.93	96.847	85.456
109.92	96.444	86.206
109.94	96.096	86.983
109.97	95.801	87.781
110.01	95.523	88.585
110.07	95.268	89.395
110.2	95.027	90.201
110.4	94.771	90.987
110.69	94.519	91.745
111.03	94.285	92.49
111.37	94.052	93.235
111.71	93.818	93.979
112.05	93.58	94.721
112.44	93.311	95.432
112.77	93.005	96.152
112.93	92.667	96.918
112.88	92.326	97.697
112.83	91.985	98.476
112.66	91.65	99.24
112.46	91.298	99.988
112.22	90.924	100.72
111.94	90.558	101.43
111.63	90.208	102.14
111.33	89.858	102.86
111.01	89.493	103.56
110.7	89.111	104.25
110.38	88.723	104.94
110.15	88.344	105.66
110.02	87.983	106.42
109.95	87.634	107.2
109.97	87.301	107.98
110.08	86.987	108.77
110.25	86.686	109.54
110.43	86.387	110.32
110.6	86.104	111.11
110.79	85.859	111.9
110.98	85.632	112.7
111.12	85.37	113.5
111.22	85.055	114.28
111.2	84.718	115.06
111.14	84.451	115.87
111	84.286	116.69
110.89	84.175	117.53
110.96	84.041	118.37
111.23	83.923	119.16
111.52	83.808	119.96
111.81	83.692	120.75
112.1	83.584	121.54
112.42	83.484	122.32
112.75	83.394	123.1
113.09	83.302	123.88
113.4	83.172	124.66
113.7	82.999	125.44
113.99	82.838	126.22
114.24	82.757	127.03
114.39	82.784	127.87
