90.832	91.231	42.878
91.177	91.592	43.567
91.534	91.988	44.23
91.896	92.419	44.868
92.233	92.838	45.528
92.532	93.236	46.219
92.826	93.599	46.93
93.137	93.927	47.651
93.468	94.242	48.369
93.772	94.501	49.121
94.043	94.688	49.905
94.31	94.831	50.7
94.598	94.958	51.491
94.893	95.079	52.28
95.13	95.216	53.085
95.322	95.359	53.902
95.499	95.504	54.722
95.659	95.662	55.542
95.789	95.846	56.364
95.919	96.039	57.182
96.046	96.241	57.999
96.166	96.491	58.804
96.275	96.806	59.587
96.386	97.175	60.347
96.529	97.624	61.057
96.697	98.179	61.681
96.895	98.831	62.193
97.131	99.5	62.664
97.422	100.13	63.158
97.794	100.67	63.704
98.222	101.11	64.295
98.707	101.46	64.895
99.235	101.77	65.489
99.77	102.01	66.102
100.31	102.2	66.732
100.85	102.39	67.364
101.38	102.57	68.001
101.89	102.78	68.652
102.35	103.02	69.32
102.79	103.29	69.999
103.21	103.57	70.682
103.6	103.79	71.403
103.93	103.93	72.175
104.21	103.97	72.979
104.47	104.03	73.785
104.73	104.1	74.594
105	104.16	75.399
105.28	104.22	76.201
105.55	104.26	77.004
105.83	104.28	77.807
106.12	104.28	78.609
106.4	104.25	79.412
106.63	104.18	80.227
106.82	104.1	81.054
107.03	104.01	81.872
107.29	103.9	82.675
107.58	103.8	83.468
107.89	103.75	84.26
108.22	103.78	85.046
108.56	103.85	85.821
108.92	103.93	86.589
109.3	104.01	87.345
109.66	104.11	88.108
109.98	104.17	88.893
110.26	104.2	89.696
110.56	104.22	90.495
110.86	104.22	91.288
111.2	104.2	92.07
111.54	104.13	92.847
111.85	104.04	93.632
112.13	103.91	94.428
112.36	103.78	95.235
112.62	103.64	96.034
112.89	103.49	96.827
113.15	103.32	97.62
113.36	103.13	98.423
113.46	102.92	99.242
113.49	102.71	100.07
113.46	102.49	100.89
113.37	102.26	101.7
113.24	102.04	102.51
113.1	101.81	103.32
112.92	101.58	104.12
112.68	101.33	104.9
112.41	101.1	105.67
112.1	100.85	106.42
111.73	100.6	107.15
111.31	100.34	107.84
110.87	100.06	108.52
110.43	99.799	109.19
110.02	99.54	109.89
109.64	99.285	110.61
109.35	99.05	111.38
109.15	98.838	112.18
109.02	98.657	113
108.95	98.469	113.83
108.95	98.278	114.65
109.01	98.092	115.48
109.08	97.895	116.31
109.19	97.669	117.12
109.38	97.41	117.91
109.69	97.135	118.66
110.07	96.896	119.38
110.47	96.718	120.11
110.88	96.6	120.85
111.27	96.519	121.59
111.66	96.462	122.35
112.05	96.437	123.1
112.45	96.436	123.86
112.83	96.468	124.61
113.18	96.506	125.39
113.5	96.519	126.18
113.81	96.477	126.97
114.15	96.39	127.75
114.53	96.267	128.5
114.96	96.167	129.22
115.47	96.074	129.9
116.08	95.974	130.48
