89.661	92.045	42.688
89.934	92.429	43.397
90.212	92.814	44.104
90.49	93.2	44.81
90.735	93.566	45.538
90.942	93.909	46.289
91.155	94.205	47.058
91.386	94.439	47.843
91.634	94.613	48.638
91.887	94.739	49.441
92.124	94.818	50.254
92.328	94.942	51.071
92.503	95.135	51.882
92.694	95.338	52.686
92.938	95.486	53.488
93.203	95.591	54.289
93.439	95.687	55.101
93.66	95.775	55.918
93.896	95.857	56.731
94.162	95.944	57.535
94.441	96.022	58.335
94.717	96.196	59.121
94.97	96.505	59.873
95.209	96.899	60.589
95.453	97.338	61.276
95.693	97.845	61.917
95.943	98.4	62.513
96.219	99.006	63.044
96.518	99.661	63.5
96.837	100.33	63.926
97.191	100.94	64.4
97.59	101.47	64.935
98.049	101.92	65.493
98.571	102.25	66.075
99.109	102.47	66.696
99.645	102.68	67.323
100.17	102.93	67.941
100.69	103.18	68.566
101.19	103.4	69.214
101.66	103.65	69.884
102.09	103.92	70.564
102.49	104.15	71.277
102.83	104.31	72.042
103.1	104.37	72.846
103.32	104.46	73.662
103.5	104.57	74.488
103.68	104.71	75.306
103.93	104.87	76.105
104.21	105.03	76.89
104.5	105.16	77.681
104.78	105.27	78.477
105.05	105.35	79.282
105.28	105.39	80.098
105.48	105.42	80.925
105.69	105.41	81.749
105.93	105.35	82.565
106.18	105.29	83.377
106.41	105.26	84.194
106.64	105.28	85.014
106.92	105.32	85.818
107.24	105.38	86.602
107.6	105.46	87.368
107.99	105.63	88.106
108.38	105.87	88.82
108.76	106.12	89.543
109.11	106.32	90.291
109.45	106.45	91.059
109.83	106.53	91.816
110.27	106.54	92.542
110.72	106.49	93.262
111.13	106.4	94.006
111.52	106.29	94.752
111.93	106.14	95.48
112.3	105.99	96.235
112.58	105.85	97.025
112.8	105.7	97.833
112.97	105.54	98.652
113.06	105.36	99.479
113.07	105.16	100.31
113	104.95	101.13
112.88	104.73	101.94
112.71	104.51	102.75
112.49	104.28	103.54
112.21	104.04	104.31
111.89	103.8	105.05
111.51	103.54	105.77
111.14	103.29	106.49
110.72	103.03	107.19
110.28	102.76	107.87
109.85	102.5	108.55
109.43	102.24	109.25
109.05	101.99	109.96
108.73	101.74	110.71
108.46	101.5	111.48
108.23	101.27	112.27
108.11	101.05	113.08
108.07	100.82	113.9
108.1	100.58	114.72
108.18	100.34	115.53
108.28	100.11	116.35
108.4	99.891	117.16
108.64	99.654	117.94
109.02	99.417	118.66
109.5	99.253	119.34
109.96	99.162	120.05
110.4	99.126	120.78
110.8	99.12	121.53
111.14	99.116	122.31
111.43	99.135	123.11
111.7	99.192	123.92
111.95	99.288	124.72
112.19	99.414	125.53
112.39	99.592	126.34
112.53	99.829	127.14
112.58	100.08	127.95
112.54	100.29	128.78
112.4	100.44	129.6
112.26	100.56	130.44
