93.944	93.208	56.585
94.347	93.33	57.324
94.698	93.491	58.082
94.98	93.682	58.862
95.269	93.91	59.629
95.59	94.191	60.365
95.913	94.544	61.069
96.19	94.964	61.756
96.429	95.436	62.423
96.651	95.907	63.097
96.886	96.334	63.795
97.162	96.713	64.505
97.527	97.066	65.188
97.982	97.372	65.838
98.506	97.629	66.456
98.998	97.886	67.1
99.47	98.155	67.755
99.963	98.44	68.386
100.44	98.753	69.018
100.87	99.069	69.677
101.29	99.355	70.365
101.7	99.656	71.041
102.11	99.942	71.732
102.54	100.19	72.422
103.01	100.41	73.098
103.51	100.57	73.763
104.02	100.72	74.43
104.52	100.83	75.106
105.02	100.89	75.792
105.49	100.89	76.499
105.92	100.82	77.228
106.3	100.7	77.984
106.64	100.55	78.748
106.94	100.35	79.519
107.2	100.13	80.298
107.41	99.866	81.08
107.62	99.591	81.86
107.8	99.307	82.64
108.01	99.069	83.431
108.23	98.891	84.233
108.46	98.752	85.042
108.65	98.593	85.856
108.81	98.429	86.675
108.97	98.291	87.499
109.14	98.154	88.324
109.32	98.051	89.148
109.53	97.972	89.97
109.67	97.84	90.798
109.78	97.676	91.626
109.91	97.506	92.451
110.1	97.357	93.266
110.35	97.226	94.069
110.59	97.09	94.874
110.81	96.929	95.68
111.01	96.748	96.487
111.14	96.548	97.305
111.16	96.339	98.13
111.07	96.123	98.949
110.97	95.888	99.762
110.88	95.644	100.57
110.77	95.393	101.38
110.63	95.115	102.17
110.48	94.788	102.94
110.31	94.44	103.7
110.09	94.111	104.45
109.82	93.784	105.19
109.52	93.452	105.92
109.23	93.139	106.65
108.99	92.83	107.41
108.86	92.506	108.19
108.84	92.165	108.97
108.81	91.821	109.75
108.73	91.471	110.52
108.64	91.121	111.29
108.57	90.78	112.07
108.5	90.446	112.85
108.42	90.116	113.63
108.32	89.792	114.41
108.23	89.472	115.19
108.06	89.151	115.96
107.77	88.825	116.7
107.4	88.471	117.37
106.98	88.078	118
106.55	87.729	118.65
106.19	87.451	119.36
105.91	87.22	120.13
105.71	86.991	120.93
105.48	86.771	121.72
105.32	86.615	122.54
