93.53	93.64	57.117
93.892	93.797	57.871
94.221	93.987	58.632
94.54	94.207	59.39
94.881	94.463	60.125
95.229	94.783	60.833
95.543	95.171	61.522
95.827	95.613	62.192
96.089	96.079	62.855
96.348	96.515	63.539
96.625	96.918	64.236
96.961	97.299	64.919
97.391	97.636	65.57
97.909	97.912	66.186
98.423	98.196	66.801
98.901	98.47	67.449
99.354	98.736	68.117
99.795	99.059	68.769
100.2	99.417	69.424
100.58	99.78	70.095
100.97	100.09	70.785
101.34	100.35	71.506
101.72	100.6	72.221
102.16	100.83	72.915
102.63	101.02	73.596
103.12	101.17	74.279
103.6	101.32	74.965
104.07	101.43	75.662
104.53	101.51	76.374
104.96	101.55	77.107
105.34	101.53	77.865
105.67	101.45	78.647
105.96	101.32	79.437
106.23	101.18	80.232
106.46	101.04	81.037
106.67	100.88	81.847
106.86	100.7	82.655
107.05	100.51	83.465
107.24	100.36	84.281
107.45	100.24	85.097
107.67	100.15	85.912
107.91	100.08	86.726
108.15	100.03	87.54
108.41	100.02	88.353
108.64	100	89.17
108.85	99.985	89.995
109.03	99.951	90.827
109.23	99.907	91.652
109.48	99.863	92.463
109.79	99.828	93.258
110.09	99.819	94.053
110.37	99.841	94.855
110.55	99.824	95.687
110.61	99.763	96.534
110.6	99.652	97.378
110.63	99.496	98.214
110.68	99.306	99.043
110.71	99.099	99.868
110.67	98.882	100.69
110.58	98.662	101.51
110.42	98.465	102.32
110.21	98.283	103.13
109.96	98.11	103.92
109.69	97.918	104.7
109.41	97.696	105.48
109.13	97.445	106.24
108.87	97.198	107.01
108.68	96.969	107.81
108.58	96.748	108.63
108.51	96.472	109.43
108.46	96.164	110.22
108.43	95.845	111.01
108.42	95.531	111.8
108.41	95.22	112.59
108.39	94.91	113.39
108.39	94.64	114.19
108.4	94.411	115.01
108.43	94.24	115.85
108.5	94.102	116.68
108.61	93.996	117.52
108.76	93.896	118.35
108.95	93.784	119.18
109.19	93.656	119.98
109.49	93.507	120.77
109.82	93.337	121.53
110.18	93.146	122.28
110.52	92.939	123.03
110.85	92.711	123.78
111.16	92.466	124.53
111.43	92.24	125.31
111.7	92.015	126.08
111.94	91.798	126.87
112.19	91.563	127.65
112.42	91.32	128.43
112.64	91.071	129.22
112.91	90.777	129.97
113.23	90.486	130.7
113.62	90.23	131.41
