90.164	91.067	42.258
90.465	91.435	42.964
90.781	91.81	43.66
91.111	92.209	44.335
91.439	92.622	45.003
91.738	93.02	45.694
92.006	93.4	46.407
92.284	93.73	47.14
92.574	94.007	47.891
92.868	94.24	48.655
93.14	94.419	49.441
93.393	94.535	50.245
93.642	94.652	51.05
93.884	94.783	51.856
94.106	94.924	52.665
94.294	95.064	53.483
94.44	95.211	54.308
94.601	95.34	55.134
94.804	95.436	55.955
95.024	95.522	56.772
95.235	95.615	57.592
95.431	95.717	58.413
95.606	95.932	59.218
95.754	96.257	59.991
95.905	96.651	60.73
96.083	97.093	61.436
96.278	97.607	62.087
96.502	98.168	62.688
96.76	98.796	63.202
97.044	99.487	63.613
97.408	100.08	64.105
97.836	100.56	64.666
98.324	100.92	65.258
98.851	101.21	65.861
99.39	101.43	66.481
99.93	101.61	67.112
100.46	101.82	67.745
100.97	102.04	68.386
101.47	102.26	69.039
101.92	102.51	69.712
102.34	102.78	70.398
102.75	103.06	71.092
103.13	103.27	71.827
103.47	103.38	72.599
103.78	103.44	73.387
104.07	103.53	74.181
104.36	103.61	74.979
104.65	103.69	75.773
104.95	103.76	76.566
105.25	103.82	77.362
105.53	103.86	78.165
105.8	103.89	78.968
106.05	103.87	79.783
106.24	103.83	80.611
106.39	103.77	81.448
106.54	103.72	82.284
106.72	103.63	83.109
106.93	103.5	83.925
107.13	103.38	84.743
107.34	103.29	85.565
107.55	103.25	86.388
107.77	103.24	87.209
107.99	103.23	88.03
108.21	103.26	88.853
108.42	103.32	89.674
108.63	103.4	90.495
108.81	103.46	91.327
108.93	103.48	92.168
109.06	103.48	93.01
109.3	103.44	93.825
109.66	103.38	94.595
110	103.31	95.368
110.28	103.2	96.167
110.45	103.05	96.986
110.59	102.89	97.81
110.69	102.71	98.636
110.75	102.52	99.465
110.74	102.32	100.29
110.67	102.11	101.11
110.55	101.92	101.93
110.37	101.77	102.75
110.15	101.66	103.57
109.89	101.54	104.37
109.6	101.39	105.15
109.26	101.22	105.92
108.9	101.03	106.66
108.55	100.83	107.41
108.29	100.6	108.19
108.1	100.38	108.99
107.94	100.16	109.8
107.8	99.933	110.6
107.68	99.714	111.42
107.57	99.498	112.24
107.46	99.278	113.05
107.4	99.032	113.86
107.39	98.757	114.67
107.42	98.459	115.47
107.44	98.167	116.27
107.47	97.869	117.06
107.53	97.531	117.84
107.66	97.117	118.58
107.83	96.668	119.28
108.06	96.228	119.97
108.34	95.886	120.7
108.67	95.625	121.44
109.06	95.412	122.17
109.47	95.265	122.89
109.87	95.163	123.64
110.25	95.065	124.4
110.62	94.962	125.15
111	94.871	125.91
111.36	94.788	126.67
111.67	94.688	127.46
111.94	94.568	128.26
112.17	94.433	129.07
112.36	94.302	129.89
112.48	94.19	130.72
112.57	94.089	131.56
112.69	93.99	132.4
