88.667	92.776	42.319
88.922	93.168	43.03
89.15	93.572	43.743
89.357	93.98	44.462
89.532	94.337	45.214
89.672	94.646	45.995
89.811	94.907	46.794
89.968	95.105	47.606
90.138	95.234	48.43
90.353	95.32	49.249
90.615	95.369	50.057
90.845	95.405	50.876
91.027	95.447	51.706
91.19	95.499	52.54
91.397	95.558	53.363
91.663	95.601	54.17
91.961	95.627	54.967
92.249	95.658	55.766
92.51	95.71	56.575
92.822	95.79	57.362
93.172	95.882	58.132
93.529	96.014	58.893
93.868	96.244	59.639
94.182	96.584	60.353
94.498	96.983	61.035
94.815	97.432	61.685
95.113	97.928	62.309
95.416	98.441	62.918
95.74	98.987	63.485
96.09	99.582	63.984
96.459	100.18	64.46
96.84	100.77	64.946
97.249	101.3	65.471
97.739	101.74	66.011
98.283	102.06	66.577
98.839	102.28	67.184
99.369	102.55	67.79
99.892	102.87	68.382
100.41	103.18	68.984
100.89	103.45	69.622
101.34	103.71	70.298
101.75	103.99	70.989
102.11	104.2	71.73
102.41	104.35	72.515
102.66	104.47	73.32
102.87	104.6	74.134
103.05	104.75	74.951
103.27	104.93	75.753
103.53	105.13	76.539
103.81	105.32	77.319
104.09	105.49	78.103
104.37	105.64	78.893
104.62	105.75	79.7
104.83	105.83	80.52
105.04	105.87	81.344
105.26	105.89	82.166
105.49	105.88	82.984
105.72	105.89	83.804
105.91	105.93	84.632
106.13	106	85.452
106.42	106.09	86.246
106.78	106.18	87.013
107.18	106.35	87.743
107.61	106.58	88.439
108.04	106.84	89.123
108.44	107.08	89.837
108.81	107.29	90.573
109.19	107.45	91.318
109.6	107.56	92.052
110.09	107.6	92.745
110.58	107.57	93.443
111.01	107.51	94.177
111.39	107.42	94.93
111.73	107.31	95.7
112.03	107.18	96.488
112.25	107.04	97.298
112.41	106.88	98.119
112.51	106.71	98.946
112.54	106.51	99.775
112.5	106.31	100.6
112.4	106.11	101.42
112.22	105.9	102.23
111.96	105.69	103.01
111.65	105.45	103.76
111.29	105.19	104.49
110.91	104.92	105.2
110.51	104.66	105.91
110.07	104.4	106.59
109.63	104.13	107.27
109.19	103.87	107.94
108.75	103.61	108.62
108.42	103.35	109.37
108.21	103.1	110.15
108.13	102.86	110.97
108.1	102.64	111.79
108.1	102.43	112.61
108.09	102.23	113.44
108.16	102	114.26
108.31	101.77	115.06
108.52	101.57	115.86
108.86	101.46	116.63
109.3	101.45	117.36
109.79	101.5	118.06
110.25	101.62	118.76
110.69	101.84	119.46
111.09	102.1	120.16
111.42	102.34	120.91
111.7	102.55	121.68
111.99	102.79	122.45
112.27	103.07	123.2
112.56	103.4	123.93
112.86	103.79	124.63
113.17	104.19	125.31
113.4	104.57	126.03
113.51	104.9	126.81
113.48	105.23	127.59
113.33	105.67	128.31
113.05	106.03	129.02
112.77	106.4	129.74
