89.519	91.836	42.359
89.792	92.22	43.068
90.065	92.604	43.777
90.351	92.993	44.478
90.611	93.368	45.196
90.836	93.722	45.937
91.04	94.044	46.698
91.262	94.309	47.476
91.501	94.508	48.268
91.754	94.657	49.067
92	94.759	49.875
92.219	94.852	50.692
92.405	95.011	51.507
92.57	95.231	52.313
92.793	95.403	53.116
93.054	95.523	53.917
93.308	95.618	54.723
93.537	95.707	55.538
93.762	95.785	56.355
94.018	95.868	57.162
94.297	95.947	57.962
94.578	96.057	58.757
94.845	96.301	59.528
95.086	96.667	60.258
95.33	97.082	60.96
95.574	97.551	61.627
95.815	98.087	62.244
96.133	98.506	62.913
96.541	98.706	63.632
96.999	98.808	64.341
97.484	99.038	65.001
97.998	99.33	65.612
98.532	99.593	66.219
99.061	99.791	66.855
99.591	99.984	67.49
100.1	100.21	68.13
100.57	100.49	68.784
101	100.78	69.459
101.38	101.06	70.169
101.72	101.31	70.903
102.06	101.55	71.648
102.44	101.78	72.374
102.85	101.96	73.097
103.27	102.09	73.825
103.69	102.2	74.558
104.09	102.29	75.301
104.47	102.37	76.055
104.84	102.43	76.818
105.19	102.46	77.595
105.5	102.45	78.387
105.78	102.38	79.19
106.01	102.29	80.001
106.21	102.2	80.825
106.36	102.14	81.661
106.51	102.03	82.491
106.65	101.88	83.317
106.79	101.72	84.141
106.95	101.59	84.967
107.14	101.52	85.795
107.31	101.47	86.627
107.43	101.41	87.466
107.53	101.35	88.31
107.65	101.31	89.152
107.77	101.29	89.995
107.86	101.27	90.84
107.94	101.24	91.688
108.01	101.21	92.535
108.16	101.15	93.371
108.37	101.05	94.189
108.61	100.94	94.999
108.82	100.82	95.816
108.99	100.7	96.642
109.1	100.57	97.474
109.19	100.41	98.306
109.25	100.22	99.135
109.25	100.02	99.963
109.19	99.815	100.79
109.07	99.604	101.6
108.9	99.439	102.42
108.69	99.322	103.24
108.44	99.227	104.04
108.2	99.103	104.85
108.05	98.918	105.67
107.95	98.69	106.48
107.88	98.464	107.3
107.82	98.238	108.12
107.76	98.032	108.94
107.71	97.816	109.77
107.66	97.578	110.58
107.61	97.314	111.39
107.55	97.064	112.2
107.47	96.823	113.01
107.39	96.582	113.83
107.32	96.345	114.64
107.24	96.125	115.46
107.18	95.9	116.28
107.15	95.635	117.09
107.16	95.334	117.88
107.21	94.997	118.66
107.27	94.663	119.44
107.32	94.347	120.23
107.36	94.064	121.04
107.44	93.806	121.84
107.59	93.527	122.63
107.77	93.25	123.42
107.93	93.001	124.22
108.07	92.768	125.02
108.19	92.527	125.83
108.28	92.272	126.64
108.36	92.014	127.45
108.44	91.775	128.26
108.54	91.566	129.08
108.68	91.386	129.9
108.88	91.201	130.7
109.15	91.002	131.49
109.48	90.787	132.24
109.81	90.553	132.99
