90.093	91.573	42.418
90.384	91.95	43.124
90.69	92.335	43.818
91.012	92.741	44.493
91.316	93.141	45.181
91.588	93.523	45.891
91.839	93.879	46.622
92.109	94.177	47.372
92.393	94.416	48.138
92.674	94.612	48.917
92.933	94.761	49.714
93.169	94.875	50.523
93.405	95.022	51.328
93.645	95.185	52.127
93.872	95.34	52.933
94.06	95.491	53.749
94.212	95.641	54.573
94.375	95.772	55.398
94.566	95.876	56.221
94.78	95.981	57.038
94.998	96.096	57.852
95.211	96.256	58.66
95.409	96.53	59.441
95.594	96.894	60.189
95.79	97.314	60.903
95.997	97.805	61.567
96.21	98.382	62.157
96.454	99.015	62.672
96.723	99.686	63.124
97.011	100.39	63.517
97.359	101	63.999
97.754	101.52	64.539
98.201	101.98	65.099
98.713	102.34	65.678
99.247	102.58	66.291
99.785	102.77	66.924
100.31	102.98	67.553
100.84	103.2	68.187
101.35	103.41	68.836
101.81	103.65	69.503
102.26	103.91	70.18
102.7	104.16	70.863
103.08	104.34	71.603
103.39	104.43	72.39
103.64	104.48	73.203
103.84	104.56	74.025
104.02	104.67	74.85
104.25	104.79	75.66
104.52	104.92	76.457
104.8	105.02	77.252
105.08	105.1	78.051
105.36	105.16	78.853
105.61	105.2	79.664
105.84	105.21	80.486
106.04	105.2	81.313
106.26	105.16	82.132
106.53	105.08	82.936
106.82	105.03	83.735
107.12	105.04	84.53
107.45	105.1	85.311
107.83	105.19	86.07
108.23	105.28	86.815
108.64	105.42	87.545
109.06	105.61	88.262
109.45	105.85	88.978
109.83	106.05	89.712
110.21	106.18	90.46
110.6	106.22	91.215
111.02	106.2	91.956
111.45	106.13	92.689
111.87	106.05	93.425
112.29	105.94	94.152
112.76	105.8	94.852
113.2	105.64	95.557
113.59	105.49	96.3
113.95	105.34	97.054
114.32	105.18	97.805
114.61	105	98.586
114.74	104.81	99.406
114.7	104.61	100.23
114.66	104.4	101.06
114.51	104.18	101.86
114.27	103.94	102.65
114.01	103.68	103.41
113.74	103.4	104.17
113.46	103.09	104.91
113.15	102.8	105.65
112.82	102.54	106.39
112.42	102.28	107.1
111.99	102.01	107.78
111.56	101.73	108.46
111.13	101.46	109.14
110.69	101.2	109.82
110.29	100.94	110.52
109.95	100.71	111.27
109.69	100.5	112.05
109.52	100.32	112.87
109.45	100.15	113.7
109.45	99.994	114.54
109.5	99.842	115.37
109.59	99.693	116.2
109.7	99.537	117.03
109.9	99.379	117.85
110.19	99.213	118.63
110.55	99.068	119.38
110.91	98.988	120.15
111.26	98.951	120.93
111.6	98.932	121.71
111.92	98.936	122.49
112.24	98.978	123.28
112.57	99.06	124.06
112.9	99.165	124.84
113.26	99.283	125.6
113.56	99.463	126.38
113.79	99.713	127.16
113.98	99.981	127.94
114.15	100.21	128.74
114.31	100.4	129.56
114.44	100.55	130.39
