89.919	92.662	42.301
90.196	93.045	43.009
90.485	93.435	43.708
90.794	93.838	44.392
91.072	94.224	45.098
91.315	94.59	45.827
91.55	94.919	46.576
91.802	95.2	47.338
92.071	95.433	48.111
92.352	95.618	48.893
92.628	95.758	49.686
92.88	95.908	50.485
93.128	96.113	51.272
93.405	96.335	52.046
93.649	96.548	52.833
93.893	96.761	53.619
94.063	96.98	54.424
94.17	97.203	55.239
94.259	97.42	56.057
94.337	97.635	56.877
94.457	97.887	57.681
94.616	98.177	58.466
94.806	98.504	59.228
95.022	98.874	59.964
95.248	99.28	60.678
95.463	99.752	61.353
95.678	100.3	61.972
95.919	100.88	62.539
96.193	101.51	63.054
96.476	102.16	63.526
96.746	102.79	64.03
97.053	103.38	64.56
97.466	103.91	65.082
97.95	104.39	65.59
98.446	104.82	66.129
98.966	105.19	66.691
99.501	105.52	67.267
100	105.82	67.884
100.45	106.12	68.546
100.87	106.4	69.227
101.32	106.66	69.896
101.81	106.89	70.554
102.28	107.09	71.233
102.68	107.25	71.969
