90.27	92.467	42.199
90.56	92.846	42.903
90.868	93.24	43.592
91.199	93.654	44.258
91.512	94.06	44.938
91.795	94.448	45.641
92.058	94.811	46.364
92.339	95.13	47.102
92.633	95.422	47.845
92.929	95.693	48.595
93.208	95.937	49.361
93.463	96.157	50.143
93.742	96.376	50.916
94.07	96.56	51.679
94.377	96.728	52.455
94.569	96.924	53.26
94.658	97.15	54.076
94.75	97.378	54.891
94.845	97.609	55.705
94.968	97.866	56.507
95.123	98.15	57.295
95.304	98.457	58.068
95.497	98.793	58.826
95.68	99.16	59.572
95.864	99.61	60.272
96.092	99.988	60.999
96.387	100.16	61.777
96.762	100.06	62.534
97.189	99.927	63.257
97.655	99.927	63.969
98.142	100.11	64.641
98.653	100.37	65.269
99.192	100.58	65.891
99.742	100.78	66.507
100.29	100.97	67.132
100.81	101.16	67.771
101.31	101.38	68.424
101.77	101.66	69.083
102.2	101.95	69.758
102.61	102.24	70.445
103.01	102.52	71.138
103.41	102.74	71.861
103.78	102.88	72.614
104.13	102.95	73.386
104.46	103.03	74.164
104.77	103.1	74.953
105.07	103.16	75.747
105.36	103.2	76.545
105.64	103.24	77.349
105.93	103.24	78.15
106.22	103.18	78.947
106.49	103.09	79.748
106.72	102.99	80.561
106.91	102.9	81.386
107.1	102.79	82.208
107.3	102.66	83.026
107.5	102.52	83.841
107.73	102.44	84.656
108	102.44	85.463
108.28	102.47	86.267
108.53	102.5	87.079
108.75	102.53	87.9
108.97	102.55	88.722
109.19	102.58	89.545
109.39	102.59	90.37
109.59	102.61	91.197
109.81	102.62	92.021
110.09	102.62	92.822
110.42	102.6	93.607
110.73	102.54	94.395
110.98	102.44	95.203
111.16	102.29	96.022
111.29	102.12	96.847
111.38	101.95	97.676
111.44	101.77	98.505
111.48	101.58	99.333
111.48	101.38	100.16
111.44	101.17	100.99
111.33	100.98	101.81
111.15	100.83	102.63
110.92	100.7	103.44
110.66	100.54	104.23
110.38	100.35	105.01
110.06	100.14	105.77
109.72	99.919	106.52
109.39	99.684	107.27
109.08	99.441	108.02
108.79	99.201	108.79
108.56	98.956	109.57
108.38	98.692	110.36
108.26	98.437	111.16
108.15	98.201	111.97
108.05	97.98	112.79
108.01	97.744	113.6
108.01	97.51	114.42
108.03	97.278	115.24
108.08	97.018	116.05
108.18	96.73	116.85
108.36	96.437	117.62
108.62	96.155	118.38
108.95	95.903	119.13
109.32	95.699	119.87
109.71	95.542	120.6
110.12	95.413	121.34
110.51	95.32	122.09
110.9	95.248	122.84
111.29	95.184	123.6
111.67	95.133	124.35
112.06	95.073	125.11
112.44	95.012	125.87
112.82	94.944	126.62
113.15	94.854	127.4
113.44	94.74	128.2
113.67	94.608	129
113.93	94.482	129.8
114.25	94.355	130.58
114.63	94.228	131.33
115.08	94.102	132.05
