89.826	92.092	42.033
90.101	92.475	42.742
90.387	92.86	43.445
90.689	93.256	44.135
90.987	93.653	44.827
91.253	94.031	45.541
91.484	94.389	46.279
91.729	94.689	47.037
91.991	94.927	47.81
92.268	95.106	48.595
92.543	95.238	49.389
92.792	95.33	50.197
93.025	95.487	51.001
93.266	95.686	51.792
93.516	95.883	52.581
93.726	96.07	53.384
93.874	96.261	54.201
94.005	96.438	55.023
94.128	96.601	55.849
94.274	96.775	56.67
94.453	96.977	57.477
94.657	97.215	58.268
94.881	97.526	59.028
95.122	97.887	59.76
95.362	98.304	60.463
95.583	98.805	61.115
95.795	99.389	61.698
96.039	100	62.238
96.311	100.65	62.724
96.602	101.33	63.148
96.876	101.98	63.622
97.204	102.56	64.148
97.63	103.07	64.679
98.118	103.53	65.209
98.636	103.89	65.778
99.172	104.1	66.401
99.69	104.31	67.045
100.17	104.55	67.707
100.6	104.82	68.386
101.01	105.11	69.069
101.43	105.39	69.752
101.89	105.64	70.427
102.27	105.83	71.166
102.55	105.94	71.96
102.74	106.02	72.785
102.85	106.13	73.622
102.88	106.26	74.462
102.97	106.39	75.3
103.12	106.49	76.13
103.32	106.62	76.947
103.57	106.79	77.744
103.85	107	78.519
104.15	107.16	79.299
104.46	107.27	80.086
104.74	107.39	80.879
105	107.53	81.677
105.25	107.67	82.478
105.57	107.85	83.247
105.91	108.07	83.995
106.28	108.32	84.721
106.69	108.57	85.424
107.1	108.82	86.127
107.54	109.07	86.806
108.02	109.33	87.459
108.52	109.6	88.088
109.06	109.86	88.694
109.61	110.09	89.304
110.15	110.3	89.923
110.69	110.47	90.555
111.21	110.54	91.226
111.71	110.51	91.911
112.21	110.42	92.593
112.69	110.29	93.287
113.16	110.16	93.983
113.65	110.06	94.667
114.15	109.95	95.344
114.66	109.83	96.014
115.15	109.7	96.7
115.53	109.56	97.449
115.68	109.4	98.27
115.6	109.23	99.101
115.4	109.03	99.904
115.19	108.79	100.69
114.97	108.54	101.48
114.8	108.31	102.28
114.61	108.08	103.07
114.34	107.84	103.85
114.04	107.59	104.6
113.69	107.29	105.32
