89.905	91.535	42.262
90.184	91.916	42.97
90.478	92.299	43.671
90.788	92.697	44.357
91.087	93.095	45.047
91.355	93.474	45.76
91.59	93.832	46.496
91.845	94.135	47.25
92.117	94.376	48.019
92.392	94.561	48.803
92.65	94.702	49.601
92.884	94.797	50.414
93.107	94.938	51.223
93.326	95.108	52.028
93.548	95.27	52.833
93.758	95.413	53.645
93.944	95.547	54.465
94.128	95.666	55.287
94.33	95.762	56.108
94.561	95.847	56.923
94.803	95.931	57.734
95.038	96.035	58.546
95.254	96.27	59.334
95.449	96.616	60.087
95.65	97.022	60.808
95.862	97.486	61.49
96.076	98.033	62.107
96.32	98.624	62.67
96.59	99.28	63.143
96.878	99.97	63.55
97.217	100.6	64.007
97.609	101.14	64.536
98.049	101.61	65.098
98.551	101.98	65.676
99.084	102.23	66.287
99.622	102.42	66.918
100.16	102.64	67.542
100.69	102.86	68.166
101.22	103.06	68.802
101.71	103.28	69.462
102.15	103.54	70.138
102.58	103.81	70.819
102.96	104.02	71.551
103.28	104.13	72.332
103.54	104.17	73.141
103.77	104.25	73.958
103.97	104.36	74.777
104.22	104.48	75.584
104.5	104.59	76.379
104.79	104.69	77.172
105.07	104.77	77.971
105.35	104.82	78.773
105.6	104.85	79.585
105.81	104.86	80.41
105.98	104.85	81.243
106.19	104.79	82.067
106.44	104.69	82.872
106.71	104.6	83.675
106.97	104.56	84.484
107.25	104.58	85.289
107.56	104.63	86.08
107.89	104.69	86.86
108.25	104.78	87.629
108.6	104.94	88.385
108.95	105.13	89.139
109.27	105.29	89.91
109.57	105.4	90.698
109.87	105.47	91.492
110.21	105.48	92.269
110.59	105.43	93.031
110.96	105.35	93.792
111.31	105.24	94.56
111.65	105.1	95.33
111.95	104.96	96.112
112.21	104.82	96.911
112.44	104.69	97.718
112.62	104.53	98.535
112.73	104.36	99.361
112.77	104.17	100.19
112.75	103.96	101.02
112.67	103.75	101.84
112.53	103.54	102.65
112.33	103.32	103.45
112.08	103.09	104.23
111.78	102.85	104.99
111.43	102.6	105.72
111.03	102.34	106.43
110.6	102.08	107.11
110.18	101.82	107.81
109.8	101.57	108.52
109.46	101.32	109.26
109.12	101.07	110
108.83	100.83	110.76
108.58	100.59	111.54
108.4	100.37	112.35
108.31	100.15	113.16
108.28	99.922	113.98
108.32	99.69	114.8
108.38	99.463	115.62
108.45	99.241	116.44
108.52	99.019	117.26
108.72	98.758	118.04
109.06	98.48	118.77
109.53	98.224	119.43
109.98	98.026	120.13
110.41	97.875	120.84
110.83	97.77	121.58
111.22	97.713	122.33
111.56	97.688	123.11
111.9	97.693	123.89
112.23	97.758	124.67
112.54	97.863	125.46
112.81	97.971	126.26
113.04	98.04	127.07
113.24	98.038	127.9
113.4	97.992	128.74
113.53	97.948	129.58
113.65	97.928	130.42
113.82	97.917	131.25
