88.16	89.029	43.266
88.5	89.004	44.046
88.846	88.955	44.822
89.178	88.881	45.602
89.5	88.803	46.385
89.842	88.727	47.161
90.229	88.659	47.915
90.57	88.605	48.693
90.877	88.554	49.485
91.159	88.502	50.285
91.421	88.465	51.094
91.673	88.457	51.907
91.925	88.449	52.72
92.16	88.491	53.537
92.356	88.593	54.358
92.51	88.75	55.181
92.665	88.968	55.989
92.827	89.253	56.774
93.039	89.564	57.538
93.311	89.87	58.284
93.6	90.185	59.02
93.822	90.576	59.743
93.996	91.017	60.45
94.163	91.456	61.16
94.348	91.885	61.873
94.558	92.316	62.576
94.778	92.785	63.252
95.007	93.3	63.89
95.216	93.793	64.553
95.383	94.227	65.266
95.519	94.61	66.015
95.704	95.01	66.743
