87.936	87.101	43.567
88.056	87.241	44.398
88.226	87.337	45.227
88.441	87.38	46.049
88.676	87.398	46.866
88.94	87.408	47.675
89.236	87.429	48.473
89.532	87.45	49.27
89.821	87.497	50.069
90.101	87.56	50.87
90.374	87.615	51.674
90.645	87.652	52.479
90.914	87.695	53.286
91.129	87.828	54.098
91.292	88.035	54.908
91.429	88.282	55.711
91.56	88.554	56.507
91.69	88.862	57.29
91.846	89.223	58.045
92.045	89.624	58.769
92.224	90.076	59.468
92.35	90.594	60.133
92.433	91.176	60.75
92.493	91.783	61.346
92.59	92.385	61.941
92.76	92.964	62.542
92.928	93.567	63.121
93.093	94.202	63.665
93.252	94.856	64.188
93.335	95.56	64.662
93.305	96.321	65.046
