90.676	91.688	42.219
91.004	92.043	42.919
91.348	92.425	43.598
91.709	92.843	44.245
92.066	93.272	44.888
92.392	93.684	45.557
92.69	94.081	46.249
93.004	94.447	46.95
93.339	94.802	47.647
93.679	95.157	48.342
93.964	95.488	49.072
94.183	95.783	49.84
94.439	96.038	50.611
94.781	96.214	51.369
95.172	96.331	52.116
95.469	96.495	52.896
95.674	96.704	53.695
95.84	96.942	54.495
95.99	97.203	55.292
96.131	97.484	56.083
96.299	97.769	56.867
96.492	98.052	57.646
96.685	98.339	58.424
96.86	98.634	59.203
97.031	98.952	59.974
97.242	99.291	60.726
97.491	99.598	61.48
97.815	99.755	62.251
98.203	99.829	63.004
98.638	99.929	63.728
99.107	100.11	64.413
99.639	100.32	65.042
100.22	100.54	65.617
100.81	100.75	66.198
101.37	100.96	66.8
101.91	101.24	67.397
102.39	101.59	68.004
102.84	101.94	68.64
103.25	102.27	69.306
103.66	102.59	69.978
104.06	102.93	70.645
104.45	103.25	71.332
104.81	103.45	72.079
105.12	103.52	72.866
105.42	103.57	73.658
105.72	103.61	74.455
106.02	103.6	75.252
106.33	103.55	76.043
106.65	103.46	76.828
106.97	103.33	77.605
107.3	103.15	78.368
107.63	102.93	79.117
107.95	102.7	79.874
108.25	102.52	80.65
108.54	102.38	81.439
108.84	102.28	82.226
109.16	102.18	83.008
109.49	102.12	83.791
109.83	102.12	84.569
110.18	102.17	85.344
110.47	102.17	86.144
110.73	102.13	86.954
110.93	102.02	87.775
111.11	101.9	88.597
111.32	101.78	89.415
111.56	101.7	90.224
111.85	101.6	91.02
112.17	101.44	91.791
112.52	101.22	92.538
112.86	100.98	93.276
113.21	100.71	94.004
113.6	100.43	94.709
114.01	100.14	95.394
114.45	99.8	96.038
114.89	99.441	96.671
115.33	99.081	97.309
115.66	98.678	97.981
115.83	98.246	98.695
115.8	97.842	99.444
115.67	97.446	100.19
115.47	97.047	100.91
115.21	96.649	101.62
114.9	96.252	102.3
114.58	95.864	102.99
114.27	95.475	103.68
113.95	95.087	104.37
113.63	94.698	105.05
113.31	94.309	105.74
113	93.918	106.43
112.68	93.53	107.12
112.42	93.075	107.79
112.3	92.5	108.41
112.26	91.908	109.02
112.25	91.329	109.64
112.22	90.8	110.31
112.19	90.343	111.03
112.13	89.918	111.77
112.03	89.494	112.5
111.89	89.151	113.26
111.71	88.868	114.05
111.46	88.568	114.8
111.23	88.254	115.56
111.14	88.006	116.37
111.2	87.847	117.2
111.35	87.715	118.03
111.5	87.584	118.86
111.73	87.456	119.67
112.04	87.322	120.45
112.37	87.176	121.22
112.68	87.047	122
112.98	86.953	122.79
113.24	86.896	123.6
113.39	86.869	124.44
113.61	86.814	125.26
113.97	86.708	126.02
114.42	86.58	126.73
114.8	86.495	127.49
115.09	86.44	128.28
