94.577	92.432	56.569
94.968	92.507	57.321
95.262	92.619	58.112
95.482	92.757	58.922
95.673	92.942	59.73
95.867	93.22	60.511
96.076	93.591	61.249
96.316	94.014	61.947
96.574	94.499	62.598
96.82	95.003	63.239
97.072	95.449	63.919
97.357	95.842	64.618
97.71	96.222	65.293
98.144	96.571	65.936
98.658	96.866	66.546
99.15	97.158	67.175
99.626	97.47	67.807
100.13	97.782	68.418
100.63	98.111	69.016
101.13	98.434	69.626
101.6	98.78	70.249
102.06	99.129	70.871
102.5	99.452	71.522
102.93	99.726	72.205
103.4	99.959	72.876
103.91	100.16	73.522
104.44	100.32	74.171
104.96	100.44	74.829
105.49	100.49	75.495
106	100.46	76.171
106.48	100.38	76.871
106.89	100.24	77.601
107.24	100.04	78.354
107.53	99.799	79.115
107.75	99.517	79.887
107.98	99.217	80.651
108.21	98.9	81.406
108.42	98.562	82.159
108.59	98.219	82.919
108.78	97.914	83.692
108.92	97.627	84.481
109	97.338	85.279
109.03	97.057	86.082
109.08	96.802	86.892
109.17	96.575	87.708
109.3	96.374	88.525
109.45	96.207	89.346
109.59	96.046	90.171
109.73	95.855	90.988
109.92	95.645	91.792
110.15	95.451	92.588
110.4	95.276	93.381
110.65	95.121	94.179
110.89	94.93	94.974
111.13	94.698	95.756
111.4	94.421	96.514
111.6	94.118	97.285
111.8	93.814	98.055
111.89	93.496	98.84
111.82	93.183	99.629
111.68	92.868	100.41
111.5	92.557	101.18
111.28	92.256	101.94
111.03	91.939	102.69
110.76	91.6	103.43
110.47	91.227	104.14
110.16	90.843	104.83
109.9	90.48	105.55
109.76	90.136	106.32
109.75	89.807	107.11
109.72	89.465	107.89
109.71	89.121	108.66
109.76	88.788	109.45
109.79	88.456	110.23
109.76	88.115	111.01
109.71	87.77	111.79
109.69	87.431	112.57
109.67	87.09	113.35
109.59	86.756	114.13
109.44	86.438	114.9
109.23	86.152	115.68
108.95	85.902	116.44
108.71	85.687	117.23
108.47	85.502	118.02
108.23	85.343	118.82
108.06	85.191	119.64
107.96	85.024	120.47
107.94	84.834	121.3
107.94	84.656	122.14
107.97	84.477	122.97
108.02	84.3	123.8
108.04	84.146	124.64
108.03	84.015	125.48
108.05	83.899	126.32
108.11	83.794	127.16
108.19	83.699	128
108.33	83.622	128.84
108.55	83.565	129.66
108.87	83.476	130.45
109.23	83.315	131.2
109.62	83.109	131.93
