88.833	92.757	42.145
89.097	93.145	42.855
89.339	93.544	43.567
89.569	93.947	44.281
89.772	94.316	45.021
89.938	94.643	45.789
90.089	94.923	46.579
90.255	95.138	47.385
90.43	95.286	48.205
90.646	95.394	49.021
90.903	95.455	49.83
91.148	95.503	50.643
91.341	95.584	51.468
91.491	95.701	52.298
91.688	95.824	53.117
91.945	95.937	53.92
92.235	96.027	54.715
92.499	96.11	55.519
92.718	96.193	56.337
92.983	96.303	57.138
93.287	96.435	57.922
93.603	96.606	58.693
93.91	96.857	59.446
94.209	97.194	60.168
94.507	97.599	60.855
94.791	98.065	61.508
95.051	98.589	62.128
95.337	99.127	62.723
95.656	99.696	63.27
95.994	100.31	63.759
96.338	100.92	64.235
96.678	101.53	64.724
97.038	102.1	65.242
97.509	102.58	65.766
98.038	102.96	66.315
98.591	103.21	66.909
99.111	103.47	67.531
99.602	103.77	68.156
100.06	104.09	68.794
100.51	104.41	69.446
100.93	104.72	70.114
101.33	104.99	70.814
101.65	105.21	71.573
101.89	105.35	72.377
102.08	105.49	73.195
102.21	105.66	74.019
102.33	105.84	74.843
102.5	106.02	75.656
102.72	106.2	76.458
102.97	106.4	77.247
103.24	106.63	78.021
103.53	106.85	78.791
103.82	107.01	79.574
104.1	107.13	80.367
104.36	107.27	81.165
104.6	107.43	81.964
104.86	107.62	82.754
105.18	107.84	83.509
105.53	108.1	84.24
105.9	108.37	84.96
106.31	108.63	85.66
106.74	108.9	86.337
107.22	109.18	86.985
107.73	109.46	87.606
108.26	109.74	88.206
108.8	110	88.812
109.34	110.25	89.419
109.88	110.48	90.035
110.41	110.68	90.666
110.94	110.78	91.323
111.45	110.78	92.002
111.96	110.71	92.682
112.43	110.61	93.377
112.89	110.48	94.086
113.36	110.38	94.785
113.82	110.26	95.492
114.28	110.13	96.196
114.73	109.98	96.903
115.06	109.8	97.664
115.18	109.59	98.48
115.08	109.37	99.297
114.89	109.15	100.1
114.68	108.91	100.89
114.45	108.68	101.67
114.28	108.46	102.48
114.08	108.23	103.27
113.81	107.99	104.04
113.48	107.72	104.78
113.09	107.38	105.45
112.63	106.98	106.05
112.16	106.58	106.63
111.7	106.19	107.24
