90.241	95.381	51.899
90.412	95.318	52.73
90.611	95.272	53.556
90.846	95.22	54.373
91.135	95.158	55.171
91.46	95.108	55.955
91.783	95.103	56.742
92.131	95.159	57.516
92.522	95.279	58.262
92.927	95.446	58.992
93.31	95.68	59.714
93.673	95.995	60.416
94.024	96.37	61.095
94.379	96.787	61.746
94.739	97.247	62.365
95.081	97.715	62.988
95.421	98.196	63.603
95.78	98.705	64.183
96.175	99.246	64.709
96.61	99.791	65.197
97.069	100.3	65.704
97.586	100.72	66.234
98.139	101.04	66.792
98.7	101.27	67.388
99.215	101.53	68.011
99.707	101.86	68.622
100.19	102.22	69.228
100.65	102.53	69.867
101.08	102.81	70.546
101.46	103.08	71.257
101.82	103.32	71.99
102.15	103.5	72.753
102.46	103.65	73.532
102.75	103.81	74.318
103.01	103.96	75.111
103.3	104.13	75.893
103.62	104.29	76.665
103.94	104.44	77.44
104.24	104.55	78.229
104.52	104.64	79.028
104.75	104.7	79.845
104.92	104.72	80.677
105.07	104.71	81.516
105.23	104.65	82.349
105.42	104.54	83.172
105.58	104.44	84.003
105.69	104.35	84.842
105.78	104.26	85.682
105.88	104.13	86.519
105.95	103.96	87.35
106.03	103.84	88.19
106.14	103.84	89.034
106.3	103.95	89.863
106.51	104.04	90.682
106.74	104.1	91.5
106.92	104.15	92.33
107.06	104.18	93.169
107.23	104.18	94.004
107.49	104.12	94.81
107.83	104.05	95.587
108.17	103.97	96.365
108.51	103.89	97.139
108.79	103.77	97.936
108.98	103.62	98.753
109.07	103.47	99.585
109.06	103.33	100.43
108.98	103.22	101.27
108.84	103.11	102.1
108.65	103.02	102.92
108.4	102.92	103.73
108.08	102.83	104.52
107.72	102.77	105.28
107.32	102.7	106.03
106.93	102.61	106.78
106.56	102.5	107.54
106.37	102.37	108.36
106.35	102.2	109.19
106.43	102.02	110.02
106.45	101.81	110.85
106.4	101.6	111.67
106.28	101.38	112.48
106.18	101.15	113.3
106.11	100.9	114.11
106.06	100.62	114.91
105.99	100.33	115.71
105.89	100.04	116.5
105.75	99.741	117.29
105.58	99.409	118.05
105.36	99.026	118.78
105.06	98.645	119.48
104.67	98.377	120.19
104.24	98.378	120.92
103.79	98.504	121.63
103.39	98.688	122.36
103.08	98.996	123.09
102.83	99.459	123.76
102.64	99.859	124.49
102.5	100.23	125.24
102.4	100.57	126.01
102.35	100.85	126.82
102.36	101.07	127.64
102.48	101.15	128.48
102.74	101.08	129.28
103.05	100.94	130.06
103.37	100.74	130.83
103.72	100.5	131.57
