89.04	91.859	42.338
89.311	92.244	43.047
89.575	92.633	43.757
89.836	93.023	44.468
90.067	93.385	45.202
90.258	93.718	45.963
90.424	94.018	46.742
90.603	94.26	47.538
90.799	94.43	48.348
91.028	94.557	49.158
91.27	94.647	49.969
91.492	94.719	50.787
91.68	94.81	51.612
91.849	94.921	52.439
92.075	95.006	53.255
92.384	95.039	54.047
92.731	95.03	54.823
93.036	95.041	55.618
93.319	95.073	56.42
93.624	95.129	57.212
93.944	95.211	57.996
94.259	95.321	58.778
94.569	95.531	59.543
94.864	95.851	60.274
95.136	96.244	60.978
95.406	96.671	61.664
95.676	97.141	62.32
95.949	97.629	62.962
96.241	98.146	63.572
96.564	98.719	64.114
96.934	99.322	64.589
97.376	99.835	65.103
97.877	100.23	65.668
98.413	100.53	66.257
98.956	100.74	66.875
99.495	100.91	67.508
100	101.16	68.145
100.48	101.44	68.788
100.94	101.73	69.447
101.36	101.97	70.147
101.73	102.23	70.864
102.1	102.48	71.589
102.47	102.69	72.325
102.84	102.83	73.08
103.19	102.95	73.844
103.54	103.06	74.614
103.88	103.16	75.388
104.22	103.25	76.16
104.56	103.34	76.936
104.88	103.4	77.724
105.17	103.44	78.522
105.44	103.46	79.327
105.65	103.45	80.152
105.79	103.43	80.991
105.91	103.39	81.832
106.05	103.28	82.666
106.17	103.12	83.493
106.27	102.96	84.322
106.37	102.8	85.153
106.49	102.67	85.986
106.58	102.54	86.823
106.61	102.4	87.661
106.62	102.27	88.503
106.66	102.19	89.349
106.76	102.17	90.194
106.84	102.14	91.041
106.89	102.1	91.89
106.92	102.05	92.739
106.96	101.98	93.586
107.02	101.9	94.431
107.15	101.79	95.266
107.34	101.66	96.084
107.58	101.51	96.888
107.76	101.36	97.706
107.89	101.2	98.532
107.95	101.03	99.363
107.94	100.85	100.2
107.86	100.67	101.02
107.73	100.55	101.86
107.53	100.48	102.68
107.27	100.49	103.49
107.11	100.47	104.33
107.14	100.41	105.18
107.17	100.36	106.02
107.34	100.25	106.85
107.69	100.11	107.61
107.95	99.947	108.41
108.01	99.744	109.23
107.87	99.524	110.04
107.74	99.303	110.85
107.63	99.081	111.67
107.53	98.86	112.48
107.43	98.638	113.3
107.38	98.389	114.11
107.37	98.109	114.92
107.38	97.826	115.72
107.39	97.542	116.52
107.41	97.238	117.32
107.48	96.882	118.09
107.6	96.474	118.83
107.77	96.051	119.55
107.99	95.651	120.27
108.25	95.34	121.01
108.54	95.087	121.77
108.88	94.856	122.52
109.24	94.664	123.26
109.6	94.46	124.01
109.93	94.249	124.76
110.26	94.067	125.53
110.56	93.901	126.3
110.84	93.748	127.09
111.07	93.594	127.9
111.28	93.446	128.71
111.46	93.305	129.53
111.55	93.195	130.37
111.61	93.127	131.22
111.67	93.084	132.06
