94.781	94.924	50.001
95.055	95.094	50.789
95.383	95.225	51.563
95.737	95.341	52.327
96.035	95.474	53.113
96.3	95.608	53.91
96.531	95.765	54.714
96.691	95.982	55.522
96.783	96.252	56.324
96.875	96.516	57.128
96.963	96.77	57.936
97.05	97.037	58.74
97.145	97.323	59.536
97.262	97.649	60.314
97.407	98.087	61.029
97.62	98.525	61.728
97.929	98.787	62.476
98.301	98.902	63.232
98.712	99.008	63.97
99.168	99.159	64.671
99.702	99.336	65.309
100.3	99.537	65.882
100.9	99.741	66.447
101.48	99.983	67.02
102.01	100.35	67.577
102.48	100.78	68.138
102.91	101.21	68.731
103.31	101.6	69.373
103.71	101.95	70.033
104.12	102.3	70.694
104.52	102.64	71.364
104.89	102.88	72.088
105.25	103	72.853
105.58	103.06	73.633
105.91	103.08	74.419
106.24	103.01	75.201
106.58	102.89	75.969
106.93	102.73	76.729
107.27	102.55	77.489
107.6	102.33	78.237
107.94	102.08	78.977
108.27	101.8	79.712
108.58	101.55	80.466
108.87	101.31	81.229
109.16	101.06	81.988
109.45	100.84	82.756
109.74	100.74	83.55
110.02	100.77	84.354
110.29	100.78	85.159
110.57	100.74	85.962
110.81	100.64	86.773
110.99	100.47	87.588
111.12	100.26	88.4
111.28	100.06	89.214
111.47	99.906	90.03
111.69	99.754	90.838
111.92	99.541	91.629
112.14	99.277	92.408
112.33	98.989	93.186
112.55	98.727	93.965
112.81	98.467	94.734
113.1	98.188	95.484
113.4	97.892	96.223
113.71	97.597	96.957
114.04	97.311	97.687
114.25	97.005	98.455
114.28	96.678	99.24
114.15	96.336	100.01
113.96	95.994	100.76
113.71	95.638	101.5
113.42	95.261	102.2
113.1	94.872	102.89
112.78	94.484	103.58
112.47	94.098	104.27
112.15	93.709	104.96
111.84	93.321	105.64
111.52	92.932	106.33
111.2	92.543	107.02
110.88	92.155	107.71
110.58	91.768	108.4
110.31	91.384	109.11
110.06	91.004	109.83
109.85	90.633	110.57
109.71	90.273	111.33
109.61	89.921	112.1
109.52	89.576	112.87
109.42	89.235	113.64
109.27	88.88	114.4
109.03	88.502	115.13
108.71	88.124	115.82
108.4	87.784	116.53
108.08	87.468	117.26
107.79	87.19	118.01
107.62	86.959	118.81
107.55	86.754	119.64
107.49	86.548	120.46
107.42	86.339	121.28
107.34	86.131	122.1
107.28	85.924	122.93
