94.85	94.702	49.973
95.133	94.845	50.763
95.448	94.967	51.544
95.789	95.083	52.315
96.081	95.205	53.104
96.351	95.318	53.903
96.59	95.444	54.71
96.745	95.635	55.525
96.816	95.89	56.334
96.884	96.141	57.145
96.948	96.383	57.959
97.007	96.646	58.767
97.069	96.942	59.562
97.149	97.277	60.341
97.269	97.698	61.072
97.449	98.147	61.773
97.723	98.46	62.515
98.074	98.614	63.274
98.471	98.729	64.018
98.914	98.89	64.725
99.426	99.064	65.382
100	99.256	65.978
100.59	99.459	66.56
101.18	99.658	67.137
101.74	99.966	67.699
102.23	100.37	68.264
102.66	100.8	68.856
103.06	101.2	69.491
103.46	101.57	70.145
103.87	101.91	70.81
104.27	102.24	71.484
104.66	102.48	72.201
105.04	102.6	72.952
105.4	102.68	73.721
105.72	102.72	74.505
106.04	102.67	75.292
106.39	102.58	76.064
106.74	102.45	76.827
107.08	102.28	77.59
107.41	102.07	78.344
107.75	101.84	79.088
108.08	101.58	79.83
108.37	101.33	80.591
108.64	101.07	81.357
108.9	100.8	82.117
109.17	100.56	82.89
109.43	100.44	83.689
109.7	100.42	84.497
109.96	100.41	85.306
110.22	100.35	86.116
110.45	100.25	86.929
110.64	100.09	87.743
110.8	99.89	88.554
110.97	99.718	89.37
111.15	99.565	90.188
111.35	99.403	91
111.57	99.196	91.796
111.79	98.951	92.581
112	98.697	93.365
112.2	98.455	94.156
112.41	98.214	94.946
112.62	97.966	95.733
112.83	97.7	96.513
113.03	97.431	97.296
113.2	97.182	98.093
113.31	96.923	98.896
113.35	96.628	99.693
113.32	96.298	100.48
113.21	95.952	101.25
113.02	95.594	102
112.77	95.219	102.72
112.45	94.831	103.41
112.14	94.446	104.1
111.84	94.069	104.8
111.53	93.691	105.5
111.21	93.302	106.18
110.89	92.913	106.87
110.57	92.525	107.56
110.27	92.138	108.25
110.01	91.755	108.97
109.79	91.377	109.7
109.58	91.002	110.43
109.38	90.632	111.17
109.24	90.273	111.93
109.14	89.921	112.7
109.04	89.571	113.47
108.95	89.226	114.25
108.84	88.872	115.01
108.66	88.5	115.76
108.37	88.126	116.47
108.05	87.763	117.16
107.71	87.426	117.87
107.38	87.123	118.59
107.13	86.868	119.37
106.96	86.643	120.17
106.8	86.419	120.97
106.62	86.195	121.78
106.47	85.991	122.59
