90.543	91.651	42.256
90.862	92.012	42.958
91.198	92.394	43.64
91.55	92.81	44.294
91.895	93.233	44.947
92.214	93.642	45.622
92.501	94.032	46.322
92.805	94.383	47.036
93.128	94.711	47.751
93.454	95.029	48.47
93.729	95.32	49.221
93.929	95.572	50.009
94.177	95.8	50.79
94.525	95.964	51.549
94.898	96.085	52.304
95.156	96.251	53.098
95.304	96.457	53.91
95.425	96.682	54.722
95.529	96.925	55.531
95.632	97.19	56.334
95.761	97.48	57.124
95.918	97.788	57.902
96.095	98.105	58.672
96.277	98.431	59.437
96.456	98.825	60.17
96.639	99.344	60.82
96.882	99.743	61.532
97.213	99.918	62.296
97.612	100.18	62.999
98.053	100.46	63.669
98.515	100.77	64.316
99.019	101.04	64.942
99.559	101.32	65.54
100.11	101.54	66.151
100.65	101.73	66.777
101.19	101.9	67.412
101.7	102.12	68.053
102.18	102.38	68.707
102.62	102.66	69.378
103.05	102.94	70.059
103.46	103.23	70.742
103.84	103.49	71.458
104.18	103.64	72.224
104.48	103.69	73.019
104.77	103.75	73.817
105.05	103.8	74.619
105.32	103.85	75.423
105.6	103.89	76.227
105.88	103.9	77.03
106.17	103.89	77.83
106.47	103.83	78.624
106.77	103.73	79.414
107.03	103.61	80.215
107.25	103.5	81.029
107.48	103.39	81.842
107.73	103.27	82.644
108	103.15	83.442
108.29	103.09	84.241
108.6	103.09	85.034
108.94	103.16	85.812
109.28	103.23	86.585
109.64	103.31	87.353
109.99	103.38	88.124
110.3	103.42	88.917
110.58	103.42	89.719
110.88	103.41	90.517
111.2	103.39	91.306
111.54	103.36	92.084
111.86	103.28	92.867
112.14	103.16	93.662
112.4	103	94.455
112.7	102.84	95.238
113.01	102.68	96.013
113.33	102.52	96.786
113.62	102.33	97.563
113.91	102.14	98.34
114.16	101.91	99.12
114.33	101.66	99.917
114.4	101.39	100.72
114.41	101.08	101.52
114.33	100.78	102.31
114.14	100.48	103.08
113.87	100.18	103.83
113.56	99.875	104.56
113.23	99.598	105.3
112.89	99.34	106.03
112.51	99.072	106.75
112.09	98.769	107.42
111.65	98.438	108.07
111.21	98.103	108.72
110.81	97.776	109.39
110.45	97.428	110.08
110.15	97.057	110.78
109.91	96.696	111.52
109.74	96.434	112.31
109.61	96.264	113.13
109.52	96.139	113.97
109.51	95.987	114.81
109.55	95.855	115.65
109.65	95.728	116.48
109.83	95.591	117.31
110.09	95.453	118.1
110.42	95.329	118.88
110.78	95.221	119.64
111.16	95.132	120.4
111.54	95.072	121.16
111.92	95.042	121.91
112.32	95.004	122.67
112.71	94.968	123.42
113.1	94.928	124.18
113.49	94.876	124.93
113.88	94.822	125.69
114.28	94.784	126.43
114.7	94.726	127.17
115.17	94.614	127.87
115.72	94.442	128.5
116.31	94.294	129.1
116.88	94.263	129.72
