90.381	92.411	42.172
90.677	92.788	42.875
90.991	93.183	43.561
91.328	93.6	44.221
91.653	94.011	44.892
91.948	94.406	45.586
92.22	94.779	46.301
92.508	95.112	47.029
92.81	95.424	47.761
93.111	95.72	48.5
93.394	95.99	49.256
93.651	96.232	50.03
93.937	96.461	50.798
94.273	96.644	51.558
94.601	96.799	52.328
94.824	96.991	53.126
94.948	97.219	53.937
95.074	97.453	54.746
95.201	97.692	55.553
95.347	97.949	56.351
95.523	98.224	57.137
95.723	98.509	57.914
95.921	98.821	58.681
96.099	99.161	59.441
96.287	99.523	60.188
96.512	99.871	60.932
96.808	99.925	61.728
97.184	99.836	62.485
97.61	99.767	63.219
98.069	99.803	63.934
98.552	99.972	64.612
99.068	100.17	65.259
99.626	100.38	65.866
100.19	100.57	66.47
100.75	100.76	67.088
101.27	100.95	67.725
101.76	101.23	68.361
102.21	101.55	69.009
102.63	101.87	69.676
103.04	102.18	70.353
103.45	102.48	71.035
103.85	102.73	71.746
104.22	102.89	72.495
104.57	102.97	73.267
104.9	103.04	74.047
105.2	103.09	74.84
105.48	103.13	75.643
105.76	103.15	76.445
106.05	103.13	77.244
106.36	103.07	78.036
106.67	102.95	78.82
106.97	102.79	79.599
107.24	102.64	80.391
107.48	102.5	81.197
107.71	102.38	82.007
107.94	102.23	82.813
108.2	102.11	83.616
108.47	102.04	84.419
108.76	102.04	85.218
109.06	102.09	86.011
109.35	102.13	86.81
109.63	102.17	87.613
109.91	102.21	88.417
110.18	102.24	89.221
110.45	102.25	90.028
110.73	102.24	90.832
111.03	102.22	91.628
111.36	102.15	92.41
111.68	102.04	93.189
112	101.87	93.959
112.33	101.65	94.717
112.63	101.46	95.488
112.94	101.29	96.262
113.24	101.1	97.036
113.49	100.87	97.818
113.66	100.62	98.614
113.75	100.35	99.415
113.78	100.05	100.21
113.75	99.728	101
113.64	99.39	101.77
113.45	99.053	102.53
113.25	98.716	103.29
112.98	98.378	104.02
112.67	98.037	104.73
112.31	97.702	105.43
111.94	97.392	106.13
111.58	97.079	106.84
111.24	96.733	107.54
110.92	96.355	108.23
110.6	95.966	108.91
110.3	95.582	109.61
110.07	95.186	110.33
109.92	94.771	111.06
109.81	94.37	111.8
109.73	94.021	112.57
109.69	93.696	113.36
109.67	93.375	114.15
109.64	93.153	114.97
109.61	93.061	115.82
109.65	93.142	116.66
109.76	93.204	117.5
109.94	93.209	118.33
110.19	93.157	119.15
110.49	93.095	119.94
110.85	93.005	120.71
111.24	92.89	121.45
111.64	92.756	122.19
112.01	92.605	122.95
112.37	92.438	123.7
112.72	92.243	124.45
113	92.054	125.23
113.26	91.916	126.03
113.54	91.783	126.82
113.91	91.581	127.56
114.29	91.334	128.28
114.71	91.066	128.97
115.18	90.774	129.62
