88.542	93.101	42.512
88.778	93.502	43.225
88.979	93.918	43.94
89.156	94.319	44.67
89.304	94.661	45.436
89.415	94.944	46.231
89.554	95.186	47.035
89.722	95.367	47.85
89.914	95.489	48.67
90.144	95.567	49.486
90.416	95.601	50.291
90.627	95.621	51.115
90.789	95.636	51.951
90.954	95.666	52.785
91.16	95.711	53.609
91.42	95.747	54.419
91.702	95.772	55.221
91.984	95.801	56.023
92.268	95.857	56.823
92.598	95.949	57.602
92.968	96.062	58.359
93.331	96.232	59.11
93.674	96.491	59.844
93.999	96.84	60.549
94.323	97.246	61.223
94.64	97.709	61.864
94.948	98.201	62.487
95.266	98.706	63.094
95.61	99.244	63.656
95.976	99.822	64.163
96.355	100.41	64.651
96.742	100.98	65.151
97.163	101.51	65.666
97.668	101.94	66.197
98.225	102.26	66.757
98.781	102.5	67.353
99.305	102.8	67.95
99.813	103.14	68.54
100.31	103.47	69.149
100.78	103.77	69.791
101.21	104.06	70.465
101.6	104.32	71.175
101.93	104.52	71.933
102.19	104.66	72.732
102.41	104.8	73.541
102.6	104.95	74.357
102.78	105.12	75.17
103.01	105.3	75.968
103.29	105.49	76.752
103.56	105.69	77.535
103.83	105.89	78.315
104.1	106.05	79.105
104.34	106.18	79.911
104.55	106.28	80.731
104.76	106.36	81.551
104.98	106.42	82.371
105.22	106.49	83.183
105.48	106.61	83.985
105.74	106.78	84.78
106.04	106.96	85.554
106.42	107.15	86.29
106.87	107.36	86.983
107.36	107.57	87.647
107.86	107.78	88.296
108.35	108	88.957
108.81	108.23	89.635
109.27	108.45	90.315
109.76	108.63	90.985
110.26	108.8	91.655
110.78	108.96	92.304
111.31	109.03	92.965
111.8	109	93.661
112.24	108.93	94.387
112.63	108.86	95.137
113	108.77	95.898
113.35	108.66	96.667
113.66	108.56	97.452
113.86	108.42	98.267
113.94	108.24	99.097
113.92	108.04	99.923
113.86	107.83	100.75
113.76	107.62	101.56
113.62	107.39	102.37
113.41	107.16	103.17
113.15	106.93	103.94
112.84	106.66	104.69
112.47	106.34	105.38
112.03	105.98	106.02
111.58	105.63	106.65
111.12	105.31	107.29
110.68	105.03	107.96
