89.611	91.929	42.513
89.885	92.313	43.222
90.16	92.697	43.93
90.449	93.088	44.629
90.704	93.461	45.351
90.923	93.811	46.095
91.134	94.123	46.858
91.362	94.376	47.638
91.608	94.563	48.431
91.863	94.703	49.231
92.106	94.795	50.041
92.317	94.903	50.858
92.5	95.079	51.671
92.675	95.297	52.475
92.908	95.459	53.277
93.167	95.576	54.079
93.407	95.676	54.89
93.627	95.768	55.706
93.852	95.85	56.523
94.11	95.938	57.329
94.385	96.021	58.13
94.661	96.166	58.922
94.919	96.446	59.683
95.156	96.83	60.405
95.398	97.257	61.1
95.639	97.747	61.754
95.882	98.296	62.358
96.227	98.67	63.04
96.656	98.797	63.764
97.124	98.917	64.463
97.618	99.16	65.111
98.138	99.455	65.716
98.674	99.699	66.329
99.203	99.885	66.968
99.736	100.08	67.602
100.24	100.31	68.244
100.7	100.59	68.903
101.12	100.89	69.583
101.49	101.16	70.298
101.83	101.41	71.034
102.18	101.66	71.771
102.57	101.87	72.495
102.98	102.04	73.222
103.4	102.15	73.954
103.81	102.26	74.691
104.2	102.35	75.44
104.58	102.42	76.199
104.94	102.47	76.967
105.28	102.49	77.748
105.58	102.47	78.544
105.85	102.4	79.348
106.08	102.3	80.161
106.26	102.22	80.987
106.41	102.16	81.823
106.56	102.04	82.653
106.71	101.88	83.477
106.85	101.73	84.302
107.02	101.62	85.129
107.22	101.56	85.955
107.38	101.51	86.789
107.5	101.46	87.63
107.6	101.4	88.473
107.7	101.35	89.317
107.82	101.32	90.159
107.94	101.3	91.002
108.02	101.28	91.848
108.1	101.25	92.696
108.18	101.22	93.542
108.34	101.14	94.375
108.56	101.03	95.189
108.8	100.92	96
109	100.8	96.817
109.16	100.67	97.643
109.27	100.53	98.476
109.34	100.36	99.308
109.39	100.17	100.14
109.37	99.972	100.96
109.29	99.76	101.78
109.16	99.563	102.6
108.98	99.411	103.42
108.76	99.303	104.23
108.49	99.192	105.03
108.2	99.055	105.82
108	98.866	106.63
107.89	98.645	107.44
107.82	98.422	108.26
107.76	98.218	109.09
107.7	97.999	109.91
107.65	97.76	110.72
107.59	97.505	111.53
107.53	97.261	112.35
107.44	97.026	113.16
107.36	96.788	113.97
107.29	96.55	114.79
107.22	96.329	115.61
107.16	96.092	116.42
107.14	95.815	117.23
107.17	95.504	118.02
107.23	95.153	118.79
107.32	94.798	119.56
107.39	94.467	120.35
107.46	94.179	121.14
107.57	93.916	121.95
107.75	93.638	122.73
107.96	93.373	123.51
108.14	93.129	124.31
108.31	92.894	125.11
108.44	92.645	125.91
108.55	92.381	126.71
108.64	92.109	127.51
108.72	91.861	128.33
108.81	91.647	129.14
108.92	91.464	129.97
109.13	91.266	130.77
109.41	91.049	131.54
109.75	90.815	132.29
