90.312	91.324	42.624
90.62	91.694	43.325
90.942	92.081	44.012
91.279	92.497	44.673
91.591	92.902	45.354
91.874	93.29	46.057
92.142	93.647	46.781
92.426	93.947	47.525
92.723	94.2	48.281
93.007	94.408	49.056
93.267	94.558	49.852
93.514	94.671	50.659
93.761	94.802	51.462
94.003	94.943	52.266
94.213	95.085	53.078
94.377	95.232	53.9
94.518	95.378	54.727
94.694	95.496	55.551
94.903	95.588	56.371
95.115	95.688	57.189
95.317	95.793	58.009
95.503	95.956	58.823
95.667	96.236	59.61
95.813	96.611	60.361
95.985	97.032	61.081
96.177	97.518	61.753
96.386	98.074	62.363
96.63	98.688	62.902
96.898	99.374	63.33
97.219	100.03	63.773
97.609	100.57	64.301
98.054	101.01	64.874
98.554	101.38	65.458
99.086	101.64	66.068
99.625	101.84	66.692
100.16	102.03	67.325
100.69	102.24	67.956
101.21	102.44	68.597
101.71	102.66	69.253
102.15	102.92	69.928
102.58	103.2	70.613
102.97	103.45	71.324
103.32	103.6	72.083
103.63	103.67	72.874
103.91	103.74	73.673
104.18	103.82	74.476
104.45	103.91	75.279
104.74	103.99	76.075
105.03	104.07	76.869
105.32	104.12	77.668
105.6	104.16	78.472
105.87	104.18	79.278
106.09	104.16	80.099
106.25	104.12	80.934
106.42	104.05	81.764
106.64	103.95	82.582
106.87	103.82	83.39
107.1	103.73	84.204
107.34	103.69	85.019
107.6	103.7	85.83
107.87	103.72	86.635
108.16	103.76	87.437
108.44	103.84	88.234
108.72	103.95	89.031
108.98	104.06	89.834
109.21	104.14	90.65
109.41	104.19	91.474
109.67	104.21	92.284
110.01	104.18	93.067
110.39	104.11	93.824
110.71	104.02	94.606
110.97	103.9	95.405
111.19	103.76	96.216
111.39	103.61	97.032
111.54	103.45	97.853
111.63	103.27	98.681
111.65	103.08	99.51
111.64	102.88	100.34
111.57	102.69	101.16
111.44	102.52	101.99
111.24	102.39	102.8
111	102.22	103.61
110.74	102.03	104.39
110.44	101.8	105.15
110.08	101.58	105.89
109.71	101.35	106.62
109.36	101.1	107.36
109.05	100.86	108.11
108.77	100.62	108.88
108.53	100.38	109.66
108.34	100.15	110.46
108.19	99.932	111.27
108.08	99.715	112.08
108.02	99.485	112.9
108.01	99.243	113.72
108.06	98.994	114.53
108.1	98.746	115.34
108.15	98.491	116.16
108.2	98.236	116.97
108.31	97.946	117.76
108.53	97.601	118.51
108.85	97.222	119.2
109.25	96.884	119.87
109.68	96.648	120.57
110.11	96.483	121.28
110.54	96.365	122
110.96	96.308	122.74
111.35	96.262	123.5
111.74	96.205	124.25
112.11	96.213	125.02
112.46	96.245	125.79
112.78	96.261	126.58
113.07	96.215	127.38
113.31	96.111	128.19
113.52	95.999	129.01
113.7	95.928	129.83
113.89	95.878	130.66
114.14	95.837	131.48
114.43	95.819	132.28
