89.919	92.505	42.46
90.197	92.888	43.168
90.487	93.278	43.866
90.789	93.677	44.555
91.06	94.058	45.266
91.296	94.419	46.001
91.529	94.735	46.756
91.778	94.993	47.527
92.044	95.193	48.311
92.323	95.326	49.103
92.589	95.415	49.907
92.828	95.547	50.713
93.06	95.744	51.508
93.308	95.966	52.291
93.536	96.169	53.085
93.71	96.37	53.894
93.844	96.562	54.712
93.96	96.741	55.536
94.079	96.919	56.36
94.239	97.13	57.169
94.43	97.378	57.96
94.643	97.685	58.725
94.885	98.044	59.458
95.126	98.403	60.191
95.379	98.801	60.9
95.608	99.276	61.568
95.823	99.835	62.175
96.068	100.43	62.734
96.345	101.05	63.243
96.647	101.71	63.688
96.942	102.37	64.147
97.255	102.98	64.652
97.655	103.52	65.176
98.132	104	65.693
98.638	104.41	66.238
99.166	104.72	66.827
99.695	104.95	67.451
100.18	105.2	68.102
100.62	105.48	68.777
101.04	105.77	69.459
101.47	106.05	70.135
101.93	106.3	70.807
102.35	106.51	71.517
102.68	106.66	72.286
102.9	106.73	73.104
103.03	106.83	73.94
103.07	106.94	74.783
103.09	107.04	75.627
103.17	107.13	76.471
103.3	107.2	77.308
103.51	107.34	78.12
103.78	107.55	78.901
104.09	107.73	79.67
104.44	107.88	80.433
104.8	108	81.194
105.11	108.18	81.964
105.39	108.4	82.738
105.71	108.66	83.484
106.08	108.92	84.198
106.48	109.2	84.901
106.89	109.47	85.594
107.31	109.75	86.281
107.74	110.04	86.954
108.2	110.35	87.592
108.72	110.68	88.183
109.29	110.96	88.754
109.86	111.2	89.339
110.41	111.41	89.946
110.94	111.58	90.586
111.46	111.62	91.262
111.95	111.55	91.951
112.44	111.43	92.636
112.92	111.27	93.317
113.44	111.12	93.976
114	110.98	94.602
114.51	110.83	95.259
115	110.66	95.938
115.45	110.5	96.64
