88.432	93.235	42.424
88.665	93.637	43.137
88.863	94.058	43.851
89.036	94.469	44.576
89.181	94.818	45.339
89.291	95.103	46.134
89.429	95.35	46.937
89.603	95.541	47.748
89.801	95.675	48.564
90.026	95.765	49.38
90.29	95.81	50.188
90.502	95.829	51.012
90.658	95.838	51.848
90.808	95.864	52.686
90.995	95.918	53.514
91.23	95.981	54.33
91.464	96.043	55.145
91.728	96.087	55.953
92.001	96.124	56.758
92.28	96.181	57.56
92.599	96.279	58.342
92.973	96.41	59.095
93.347	96.587	59.838
93.705	96.837	60.568
94.045	97.171	61.273
94.383	97.567	61.946
94.718	98.02	62.584
95.047	98.5	63.206
95.384	98.979	63.824
95.743	99.476	64.415
96.135	100.01	64.95
96.549	100.56	65.453
96.976	101.09	65.958
97.436	101.6	66.46
97.961	102.04	66.969
98.534	102.37	67.504
99.097	102.64	68.079
99.623	102.97	68.661
100.13	103.35	69.228
100.63	103.7	69.819
101.1	104.02	70.451
101.54	104.32	71.118
101.93	104.58	71.824
102.27	104.79	72.578
102.53	104.92	73.375
102.75	105.05	74.187
102.93	105.19	75.009
103.09	105.34	75.83
103.3	105.51	76.636
103.56	105.7	77.426
103.83	105.89	78.211
104.1	106.08	78.993
104.37	106.25	79.78
104.62	106.38	80.583
104.85	106.48	81.398
105.07	106.56	82.215
105.3	106.63	83.032
105.55	106.7	83.842
105.81	106.82	84.642
106.07	106.98	85.437
106.37	107.16	86.211
106.75	107.36	86.949
107.19	107.57	87.646
107.67	107.79	88.311
108.18	108.01	88.958
108.67	108.22	89.617
109.13	108.46	90.295
109.58	108.68	90.976
110.07	108.87	91.65
110.58	109.03	92.305
111.12	109.13	92.959
111.61	109.14	93.653
112.05	109.07	94.379
112.44	109.01	95.13
112.79	108.92	95.903
113.11	108.81	96.682
113.4	108.69	97.474
113.59	108.55	98.291
113.66	108.37	99.12
113.64	108.17	99.947
113.58	107.96	100.77
113.48	107.75	101.59
113.34	107.52	102.4
113.13	107.29	103.19
112.87	107.06	103.96
112.55	106.79	104.71
112.16	106.46	105.39
111.72	106.09	106.02
111.26	105.73	106.64
110.81	105.41	107.28
110.36	105.11	107.94
109.93	104.85	108.62
109.47	104.6	109.3
109.02	104.37	109.98
108.64	104.13	110.7
108.37	103.88	111.47
108.25	103.61	112.27
108.23	103.36	113.08
108.29	103.13	113.9
108.4	102.89	114.71
108.59	102.64	115.5
108.85	102.4	116.27
109.21	102.25	117.03
109.66	102.21	117.75
110.15	102.25	118.44
110.62	102.38	119.14
111.06	102.6	119.84
111.47	102.88	120.53
111.82	103.15	121.25
112.12	103.43	122
112.42	103.72	122.74
112.71	104.05	123.47
113.01	104.41	124.18
113.33	104.82	124.85
113.68	105.24	125.51
114.04	105.68	126.14
114.42	106.19	126.71
114.77	106.76	127.23
115.03	107.35	127.79
115.23	107.94	128.37
