93.396	93.36	57.84
93.753	93.59	58.577
94.089	93.84	59.318
94.447	94.109	60.041
94.837	94.39	60.743
95.205	94.741	61.426
95.533	95.16	62.09
95.829	95.632	62.734
96.105	96.08	63.403
96.383	96.497	64.091
96.692	96.887	64.782
97.08	97.261	65.44
97.559	97.585	66.063
98.074	97.892	66.666
98.563	98.203	67.289
99.006	98.497	67.952
99.423	98.822	68.619
99.816	99.198	69.274
100.17	99.603	69.934
100.55	99.963	70.603
100.94	100.27	71.297
101.3	100.53	72.019
101.72	100.77	72.72
102.18	100.98	73.403
102.66	101.16	74.082
103.14	101.32	74.765
103.62	101.46	75.452
104.09	101.57	76.153
104.54	101.64	76.872
104.95	101.68	77.614
105.31	101.65	78.384
105.61	101.55	79.177
105.86	101.42	79.978
106.1	101.31	80.789
106.3	101.19	81.607
106.48	101.05	82.426
106.65	100.88	83.243
106.8	100.71	84.064
106.96	100.57	84.887
107.15	100.46	85.711
107.34	100.37	86.534
107.53	100.29	87.36
107.74	100.26	88.185
107.96	100.27	89.009
108.13	100.27	89.841
108.26	100.25	90.682
108.41	100.21	91.519
108.59	100.16	92.35
108.81	100.1	93.17
109.06	100.04	93.98
109.32	99.989	94.789
109.53	99.936	95.613
109.64	99.864	96.454
109.69	99.753	97.296
109.75	99.604	98.132
109.81	99.427	98.962
109.84	99.234	99.791
109.81	99.03	100.62
109.71	98.821	101.44
109.55	98.642	102.25
109.34	98.498	103.07
109.1	98.378	103.87
108.84	98.234	104.67
108.58	98.042	105.46
108.37	97.801	106.25
108.22	97.57	107.05
108.06	97.339	107.86
107.97	97.123	108.67
107.91	96.911	109.5
107.86	96.665	110.31
107.81	96.393	111.12
107.76	96.115	111.92
107.71	95.845	112.72
107.65	95.574	113.53
107.59	95.315	114.34
107.53	95.079	115.15
107.48	94.863	115.98
107.44	94.638	116.8
107.43	94.402	117.61
107.42	94.182	118.44
107.41	93.966	119.26
107.38	93.748	120.08
107.34	93.531	120.91
107.36	93.291	121.72
107.45	93.015	122.52
107.58	92.713	123.31
107.69	92.441	124.11
107.79	92.192	124.92
107.86	91.938	125.72
107.92	91.677	126.53
107.98	91.424	127.34
108.04	91.193	128.16
108.16	90.978	128.98
108.33	90.782	129.79
108.53	90.597	130.59
108.79	90.4	131.38
109.09	90.193	132.15
