94.885	94.403	49.978
95.185	94.498	50.768
95.485	94.599	51.558
95.781	94.719	52.347
96.047	94.828	53.148
96.307	94.912	53.953
96.545	94.998	54.766
96.69	95.154	55.59
96.735	95.385	56.408
96.774	95.619	57.226
96.812	95.851	58.044
96.843	96.114	58.853
96.865	96.429	59.644
96.891	96.791	60.414
96.975	97.215	61.148
97.106	97.72	61.822
97.338	98.123	62.535
97.665	98.341	63.289
98.049	98.468	64.037
98.485	98.65	64.745
98.975	98.831	65.416
99.525	99.014	66.037
100.08	99.214	66.645
100.66	99.419	67.239
101.24	99.619	67.822
101.77	99.943	68.407
102.23	100.33	69.003
102.65	100.73	69.63
103.05	101.1	70.285
103.46	101.43	70.954
103.87	101.73	71.636
104.27	101.96	72.345
104.68	102.1	73.078
105.07	102.2	73.828
105.42	102.27	74.602
105.75	102.27	75.387
106.1	102.22	76.157
106.46	102.12	76.922
106.81	101.98	77.688
107.14	101.79	78.448
107.47	101.57	79.2
107.78	101.33	79.955
108.05	101.08	80.725
108.28	100.82	81.499
108.52	100.52	82.264
108.76	100.28	83.045
109	100.14	83.846
109.26	100.08	84.657
109.51	100.02	85.467
109.76	99.946	86.277
110	99.847	87.086
110.22	99.702	87.896
110.4	99.53	88.71
110.57	99.379	89.531
110.73	99.234	90.354
110.9	99.072	91.172
111.11	98.88	91.974
111.36	98.671	92.762
111.6	98.459	93.551
111.81	98.247	94.345
112.02	98.017	95.138
112.19	97.763	95.933
112.3	97.529	96.744
112.32	97.324	97.57
112.3	97.086	98.387
112.27	96.805	99.191
112.25	96.524	99.994
112.24	96.207	100.78
112.15	95.873	101.56
111.98	95.525	102.32
111.74	95.159	103.05
111.48	94.791	103.77
111.21	94.436	104.5
110.92	94.083	105.22
110.61	93.711	105.92
110.29	93.323	106.61
109.99	92.954	107.31
109.74	92.591	108.04
109.56	92.223	108.79
109.42	91.856	109.54
109.27	91.491	110.3
109.12	91.128	111.05
109	90.772	111.82
108.93	90.424	112.59
108.86	90.077	113.36
108.79	89.731	114.14
108.73	89.387	114.92
108.63	89.036	115.69
108.4	88.674	116.42
108.08	88.303	117.12
107.71	87.928	117.79
107.36	87.587	118.48
107.07	87.302	119.23
106.88	87.064	120.03
106.75	86.844	120.84
106.58	86.621	121.64
106.43	86.416	122.46
