98.157	95.145	56.325
98.104	95.299	57.16
98.023	95.427	57.998
97.955	95.577	58.833
97.937	95.82	59.649
97.956	96.106	60.451
98.006	96.356	61.263
98.088	96.555	62.087
98.245	96.759	62.898
98.481	96.988	63.683
98.784	97.24	64.437
99.184	97.457	65.156
99.669	97.656	65.825
100.21	97.856	66.451
100.8	98.083	67.017
101.44	98.356	67.508
102.04	98.758	67.951
102.58	99.25	68.385
103.07	99.781	68.836
103.52	100.28	69.353
103.94	100.73	69.946
104.35	101.12	70.579
104.75	101.52	71.22
105.15	101.86	71.89
105.55	102.08	72.605
105.95	102.15	73.351
106.35	102.14	74.104
106.77	102.03	74.834
107.22	101.82	75.525
107.65	101.58	76.221
108.05	101.32	76.923
108.43	100.99	77.614
108.78	100.62	78.294
109.11	100.23	78.974
109.42	99.826	79.661
109.69	99.41	80.35
109.94	98.948	81.021
110.12	98.456	81.692
110.24	97.948	82.368
110.3	97.422	83.035
110.34	96.892	83.701
110.33	96.349	84.359
110.3	95.805	85.013
110.24	95.241	85.649
110.21	94.699	86.307
110.21	94.197	86.995
110.15	93.709	87.691
110.01	93.217	88.372
110.13	92.752	89.077
110.37	92.312	89.767
110.63	91.878	90.452
110.94	91.476	91.134
111.31	91.074	91.787
111.69	90.63	92.406
112.04	90.132	93
112.3	89.596	93.611
112.46	89.047	94.244
112.53	88.497	94.891
112.54	87.978	95.567
112.49	87.491	96.264
112.34	87.03	96.964
112.05	86.597	97.636
111.66	86.189	98.271
111.2	85.785	98.865
110.76	85.378	99.468
110.35	84.951	100.08
109.95	84.525	100.7
109.61	84.086	101.34
109.43	83.633	102.04
109.34	83.21	102.78
109.42	82.882	103.56
109.56	82.627	104.36
109.67	82.398	105.17
109.77	82.191	105.99
109.86	81.997	106.81
109.93	81.785	107.64
109.99	81.555	108.45
110.03	81.307	109.27
110.09	81.024	110.07
110.19	80.72	110.86
110.34	80.413	111.64
110.49	80.108	112.42
110.65	79.805	113.2
110.82	79.505	113.98
110.91	79.133	114.74
110.89	78.707	115.47
110.75	78.232	116.17
