90.263	93.228	42.024
90.543	93.615	42.728
90.84	94.022	43.414
91.156	94.453	44.077
91.446	94.864	44.764
91.709	95.247	45.477
91.968	95.61	46.202
92.242	95.955	46.93
92.525	96.293	47.658
92.813	96.625	48.387
93.113	96.948	49.115
93.435	97.249	49.843
93.753	97.511	50.587
94.057	97.73	51.351
94.342	97.936	52.126
94.607	98.147	52.907
94.843	98.373	53.693
95.081	98.601	54.477
95.329	98.825	55.26
95.584	99.051	56.039
95.86	99.27	56.814
96.166	99.473	57.582
96.424	99.722	58.353
96.605	100.03	59.127
96.793	100.29	59.916
97.029	100.41	60.724
97.306	100.4	61.529
97.644	100.37	62.309
98.036	100.4	63.062
98.477	100.53	63.777
98.953	100.79	64.434
99.476	101.06	65.048
100.03	101.31	65.643
100.58	101.51	66.253
101.13	101.69	66.88
101.66	101.91	67.509
102.15	102.17	68.15
102.61	102.45	68.811
103.04	102.74	69.487
103.45	103.04	70.169
103.86	103.36	70.842
104.23	103.61	71.564
104.55	103.75	72.339
104.84	103.79	73.137
105.13	103.84	73.937
105.41	103.89	74.74
105.69	103.92	75.544
105.97	103.92	76.345
106.26	103.9	77.144
106.57	103.84	77.937
106.88	103.73	78.719
107.19	103.57	79.496
107.47	103.41	80.285
107.71	103.27	81.086
107.97	103.14	81.89
108.24	103.02	82.686
108.53	102.91	83.479
108.85	102.86	84.268
109.19	102.88	85.046
109.56	102.96	85.809
109.93	103.05	86.566
110.28	103.1	87.339
110.57	103.09	88.139
110.84	103.05	88.946
111.12	103.01	89.75
111.41	102.96	90.547
111.74	102.91	91.33
112.11	102.84	92.093
112.45	102.71	92.864
112.78	102.54	93.627
113.14	102.32	94.366
113.53	102.1	95.088
113.96	101.89	95.795
114.44	101.71	96.475
114.84	101.45	97.176
115.16	101.15	97.906
115.36	100.8	98.658
115.47	100.43	99.419
115.48	100.06	100.18
115.39	99.669	100.94
115.21	99.276	101.67
114.97	98.887	102.39
114.67	98.502	103.09
114.36	98.118	103.78
114.03	97.741	104.47
113.68	97.383	105.16
113.32	97.034	105.84
113.01	96.575	106.49
112.75	96.009	107.07
112.57	95.36	107.6
112.4	94.711	108.12
112.32	94.011	108.6
112.33	93.288	109.05
112.54	92.508	109.33
112.83	91.732	109.53
113.05	90.995	109.9
113.2	90.389	110.48
113.4	89.917	111.16
113.59	89.479	111.87
113.62	89.009	112.58
113.45	88.495	113.24
113.25	88.002	113.9
113.06	87.522	114.58
