91.046	91.083	42.899
91.406	91.435	43.585
91.779	91.83	44.24
92.156	92.269	44.864
92.496	92.689	45.521
92.801	93.09	46.207
93.103	93.463	46.91
93.425	93.811	47.617
93.771	94.163	48.311
94.091	94.456	49.042
94.371	94.672	49.816
94.641	94.821	50.609
94.937	94.949	51.397
95.248	95.068	52.18
95.514	95.198	52.977
95.742	95.331	53.786
95.951	95.464	54.6
96.117	95.632	55.418
96.226	95.846	56.235
96.325	96.072	57.05
96.423	96.305	57.862
96.515	96.569	58.667
96.599	96.881	59.454
96.68	97.233	60.226
96.799	97.675	60.944
96.955	98.23	61.571
97.205	98.724	62.218
97.576	98.93	62.956
97.993	98.986	63.694
98.442	99.114	64.406
98.928	99.281	65.083
99.476	99.462	65.707
100.05	99.656	66.306
100.62	99.852	66.901
101.19	100.04	67.507
101.7	100.34	68.112
102.16	100.71	68.726
102.57	101.09	69.366
102.97	101.45	70.026
103.38	101.78	70.696
103.79	102.11	71.366
104.2	102.42	72.044
104.6	102.66	72.756
104.97	102.81	73.504
105.33	102.89	74.272
105.66	102.95	75.055
105.95	102.98	75.854
106.25	102.96	76.65
106.56	102.91	77.441
106.87	102.82	78.226
107.19	102.68	79.001
107.52	102.5	79.767
107.84	102.3	80.529
108.13	102.1	81.304
108.41	101.95	82.095
108.67	101.81	82.89
108.95	101.67	83.682
109.24	101.57	84.478
109.53	101.55	85.277
109.83	101.57	86.074
110.12	101.61	86.872
110.4	101.64	87.674
110.65	101.63	88.487
110.87	101.55	89.307
111.09	101.48	90.124
111.34	101.43	90.936
111.62	101.36	91.738
111.92	101.25	92.525
112.26	101.09	93.288
112.6	100.86	94.035
112.93	100.62	94.784
113.27	100.39	95.53
113.61	100.16	96.273
113.98	99.913	96.998
114.38	99.62	97.693
114.72	99.295	98.401
114.96	98.949	99.142
115.04	98.587	99.908
114.99	98.211	100.67
114.86	97.829	101.42
114.64	97.441	102.15
114.34	97.054	102.84
114.03	96.667	103.54
113.72	96.279	104.23
113.4	95.891	104.92
113.09	95.503	105.6
112.77	95.114	106.29
112.45	94.726	106.98
112.13	94.337	107.66
111.81	93.948	108.35
111.49	93.56	109.04
111.18	93.171	109.73
110.87	92.783	110.42
110.61	92.402	111.14
110.42	92.034	111.88
110.29	91.678	112.64
110.14	91.393	113.43
109.99	91.175	114.24
109.85	90.982	115.06
109.78	90.825	115.89
109.74	90.869	116.74
109.77	91.178	117.53
109.77	91.571	118.29
109.91	91.798	119.1
110.16	91.879	119.91
110.5	91.828	120.69
110.9	91.673	121.42
111.31	91.48	122.14
111.68	91.269	122.88
111.99	91.088	123.65
112.23	90.931	124.45
112.38	90.803	125.28
112.48	90.685	126.11
112.65	90.508	126.93
112.87	90.294	127.72
113.12	90.056	128.5
113.42	89.737	129.23
113.79	89.278	129.85
