94.016	91.575	58.304
94.307	91.84	59.058
94.591	92.098	59.818
94.868	92.392	60.567
95.12	92.748	61.298
95.367	93.155	62.004
95.633	93.61	62.672
95.92	94.104	63.304
96.186	94.552	63.977
96.449	94.956	64.679
96.74	95.353	65.373
97.084	95.771	66.03
97.506	96.179	66.646
97.937	96.618	67.234
98.354	97.07	67.821
98.75	97.507	68.435
99.103	97.927	69.086
99.413	98.389	69.73
99.706	98.874	70.366
100.08	99.303	70.996
100.5	99.676	71.637
100.93	99.988	72.305
101.38	100.23	72.983
101.88	100.43	73.642
102.39	100.61	74.295
102.9	100.78	74.95
103.42	100.95	75.607
103.93	101.08	76.275
104.42	101.17	76.965
104.87	101.2	77.685
105.25	101.17	78.442
105.58	101.08	79.225
105.87	100.96	80.016
106.13	100.84	80.817
106.36	100.7	81.624
106.56	100.52	82.432
106.74	100.33	83.241
106.92	100.17	84.056
107.12	100.03	84.874
107.32	99.912	85.692
107.53	99.797	86.51
107.75	99.711	87.327
108.01	99.693	88.136
108.28	99.711	88.943
108.5	99.698	89.764
108.69	99.651	90.594
108.87	99.581	91.421
109.1	99.505	92.238
109.39	99.436	93.032
109.7	99.385	93.824
110	99.374	94.622
110.23	99.371	95.442
110.33	99.314	96.284
110.34	99.202	97.128
110.37	99.049	97.965
110.42	98.87	98.796
110.47	98.681	99.624
110.45	98.478	100.45
110.36	98.267	101.27
110.22	98.064	102.09
110.02	97.879	102.89
109.78	97.702	103.69
109.52	97.518	104.48
109.25	97.304	105.26
108.97	97.063	106.02
108.7	96.823	106.79
108.52	96.596	107.6
108.43	96.361	108.41
108.38	96.092	109.22
108.36	95.793	110.01
108.34	95.482	110.8
108.33	95.173	111.6
108.31	94.866	112.39
108.29	94.562	113.19
108.28	94.28	113.99
108.27	94.047	114.81
108.27	93.884	115.65
108.3	93.758	116.49
108.35	93.656	117.33
108.41	93.571	118.18
108.5	93.467	119.02
108.65	93.338	119.84
108.87	93.174	120.65
109.17	92.987	121.42
109.51	92.773	122.17
109.83	92.538	122.93
110.12	92.28	123.68
110.35	92.004	124.46
110.54	91.721	125.24
110.7	91.431	126.02
110.84	91.125	126.8
110.92	90.843	127.6
111.01	90.562	128.4
111.09	90.298	129.21
111.22	90.028	130
111.38	89.76	130.79
111.5	89.526	131.61
