90.705	91.516	42.525
91.038	91.876	43.221
91.386	92.264	43.894
91.749	92.691	44.534
92.093	93.114	45.188
92.405	93.518	45.869
92.698	93.9	46.571
93.009	94.247	47.283
93.34	94.579	47.993
93.659	94.893	48.717
93.921	95.169	49.478
94.125	95.4	50.271
94.4	95.599	51.052
94.754	95.734	51.814
95.077	95.868	52.589
95.305	96.036	53.392
95.457	96.23	54.206
95.596	96.441	55.019
95.714	96.674	55.83
95.834	96.928	56.633
95.972	97.202	57.427
96.123	97.495	58.212
96.284	97.812	58.986
96.452	98.138	59.754
96.631	98.566	60.468
96.812	99.121	61.088
97.066	99.539	61.785
97.42	99.703	62.541
97.775	99.868	63.297
98.193	99.874	64.037
98.654	99.946	64.748
99.143	100.12	65.421
99.67	100.32	66.06
100.23	100.51	66.668
100.79	100.71	67.276
101.34	100.89	67.9
101.86	101.1	68.539
102.34	101.4	69.174
102.77	101.75	69.821
103.18	102.08	70.487
103.59	102.4	71.163
104	102.7	71.842
104.39	102.95	72.555
104.76	103.1	73.308
105.1	103.17	74.085
105.42	103.24	74.871
105.71	103.28	75.669
105.99	103.3	76.471
106.28	103.29	77.27
106.58	103.25	78.066
106.89	103.16	78.854
107.21	103.03	79.632
107.51	102.86	80.407
107.79	102.69	81.193
108.05	102.54	81.991
108.3	102.41	82.795
108.56	102.29	83.594
108.84	102.18	84.391
109.13	102.13	85.188
109.44	102.14	85.98
109.76	102.2	86.767
110.07	102.25	87.556
110.39	102.31	88.345
110.66	102.31	89.152
110.91	102.28	89.965
111.17	102.25	90.776
111.45	102.21	91.578
111.76	102.15	92.367
112.1	102.05	93.14
112.43	101.9	93.909
112.76	101.69	94.668
113.11	101.46	95.409
113.46	101.24	96.153
113.82	101.04	96.894
114.2	100.82	97.624
114.54	100.55	98.358
114.8	100.25	99.109
114.94	99.922	99.883
114.98	99.573	100.66
114.92	99.206	101.42
114.76	98.83	102.17
114.53	98.45	102.9
114.25	98.069	103.61
113.94	97.687	104.3
113.61	97.306	104.99
113.27	96.942	105.68
112.92	96.586	106.36
112.58	96.217	107.05
112.26	95.829	107.74
111.94	95.44	108.43
111.62	95.052	109.11
111.31	94.658	109.8
111.03	94.244	110.49
110.8	93.83	111.2
110.61	93.439	111.93
110.48	93.085	112.7
110.33	92.79	113.48
110.09	92.761	114.3
109.92	92.769	115.13
109.85	92.837	115.97
109.88	93.02	116.81
110	93.12	117.64
110.21	93.128	118.47
110.5	93.075	119.27
110.84	93.013	120.04
111.23	92.922	120.79
111.64	92.814	121.53
112.03	92.692	122.27
112.41	92.557	123.03
112.77	92.404	123.78
113.11	92.222	124.54
113.38	92.05	125.33
113.65	91.931	126.13
113.95	91.793	126.91
114.35	91.564	127.63
114.76	91.299	128.32
115.23	91.023	128.98
115.76	90.752	129.59
