90.467	90.96	42.432
90.79	91.315	43.135
91.129	91.687	43.821
91.48	92.096	44.48
91.822	92.517	45.136
92.137	92.924	45.814
92.418	93.311	46.518
92.709	93.647	47.244
93.014	93.943	47.981
93.322	94.201	48.731
93.606	94.392	49.51
93.876	94.507	50.309
94.149	94.614	51.107
94.412	94.729	51.909
94.638	94.86	52.718
94.82	95	53.538
94.977	95.141	54.362
95.153	95.266	55.186
95.334	95.387	56.008
95.506	95.515	56.832
95.668	95.649	57.657
95.816	95.787	58.483
95.943	96.033	59.288
96.053	96.374	60.061
96.178	96.772	60.803
96.334	97.227	61.506
96.513	97.766	62.141
96.782	98.188	62.83
97.146	98.393	63.571
97.562	98.538	64.298
98.024	98.752	64.98
98.533	98.98	65.621
99.064	99.17	66.257
99.598	99.369	66.888
100.14	99.575	67.508
100.68	99.797	68.13
101.18	100.04	68.774
101.62	100.35	69.43
102.03	100.68	70.101
102.41	100.99	70.792
102.8	101.26	71.501
103.21	101.49	72.208
103.64	101.66	72.923
104.07	101.78	73.646
104.49	101.88	74.379
104.88	101.95	75.129
105.26	101.99	75.892
105.61	102	76.666
105.96	101.95	77.44
106.29	101.84	78.216
106.61	101.69	78.991
106.91	101.49	79.765
107.17	101.3	80.552
107.4	101.11	81.347
107.6	100.88	82.143
107.8	100.66	82.939
108.03	100.48	83.741
108.27	100.38	84.551
108.52	100.32	85.361
108.78	100.26	86.171
109.02	100.2	86.983
109.27	100.14	87.796
109.51	100.06	88.608
109.75	100	89.422
109.98	99.972	90.24
110.22	99.949	91.058
110.48	99.893	91.866
110.78	99.801	92.656
111.08	99.689	93.444
111.35	99.583	94.243
111.61	99.51	95.053
111.81	99.391	95.871
111.97	99.245	96.694
112.08	99.077	97.521
112.14	98.855	98.341
112.17	98.569	99.142
112.18	98.256	99.934
112.15	97.939	100.72
112.06	97.621	101.51
111.9	97.305	102.28
111.68	96.986	103.04
111.41	96.679	103.79
111.12	96.397	104.54
110.83	96.098	105.28
110.53	95.798	106.02
110.22	95.456	106.73
109.91	95.102	107.44
109.63	94.762	108.17
109.41	94.422	108.92
109.28	94.069	109.68
109.2	93.713	110.45
109.16	93.362	111.23
109.13	93.019	112
109.12	92.682	112.79
109.11	92.357	113.57
109.09	92.049	114.37
109.07	91.777	115.17
109.1	91.576	116
109.17	91.489	116.84
109.24	91.611	117.68
109.32	91.798	118.51
109.42	92	119.33
109.6	92.056	120.16
109.88	91.974	120.96
110.22	91.813	121.73
110.57	91.612	122.47
110.91	91.38	123.22
111.22	91.134	123.97
111.5	90.877	124.73
111.7	90.633	125.52
111.85	90.399	126.33
112	90.162	127.13
112.11	89.929	127.94
112.24	89.679	128.75
112.43	89.362	129.52
112.71	88.965	130.21
