101.51	97.456	67.966
102.11	97.862	68.418
102.68	98.367	68.801
103.21	98.926	69.151
103.72	99.465	69.57
104.2	99.97	70.062
104.65	100.44	70.61
105.09	100.89	71.187
105.51	101.29	71.803
105.94	101.54	72.491
106.39	101.64	73.211
106.84	101.66	73.93
107.32	101.57	74.626
107.79	101.34	75.296
108.26	101.07	75.95
108.72	100.74	76.587
109.14	100.33	77.202
109.54	99.86	77.793
109.93	99.366	78.371
110.3	98.869	78.95
110.66	98.353	79.528
110.96	97.813	80.113
111.23	97.239	80.682
111.47	96.602	81.195
111.68	95.906	81.642
111.85	95.194	82.08
111.99	94.479	82.523
112.12	93.764	82.971
112.27	93.064	83.436
112.47	92.385	83.912
112.68	91.704	84.381
112.84	91.015	84.858
112.96	90.34	85.364
113.14	89.723	85.925
113.38	89.152	86.511
113.67	88.604	87.096
114.02	88.095	87.683
114.4	87.597	88.261
114.75	87.093	88.847
115.06	86.581	89.454
115.35	86.072	90.073
115.57	85.543	90.703
115.67	84.999	91.353
115.64	84.441	91.996
115.52	83.874	92.62
115.32	83.325	93.239
115.05	82.789	93.845
114.71	82.269	94.43
114.36	81.754	95.007
113.98	81.258	95.59
113.57	80.788	96.168
113.12	80.34	96.731
112.65	79.889	97.282
112.18	79.439	97.833
111.72	78.954	98.355
111.26	78.425	98.84
110.9	77.88	99.384
110.77	77.358	100.05
110.73	76.908	100.77
110.63	76.467	101.49
110.5	76.011	102.2
110.35	75.542	102.89
110.17	75.093	103.59
109.98	74.638	104.29
109.8	74.147	104.96
109.67	73.602	105.6
109.59	73.047	106.24
109.57	72.5	106.9
109.61	71.953	107.55
109.69	71.381	108.18
109.83	70.791	108.78
109.99	70.192	109.36
110.14	69.592	109.95
110.25	69.006	110.56
110.37	68.457	111.2
110.52	67.955	111.87
110.75	67.522	112.57
111.07	67.117	113.24
111.48	66.711	113.87
111.97	66.314	114.44
112.53	65.928	114.95
113.11	65.555	115.45
113.7	65.215	115.96
114.3	64.924	116.49
114.93	64.684	117.01
115.61	64.492	117.48
116.34	64.349	117.89
117.11	64.253	118.23
117.9	64.201	118.53
