90.37	92.261	42.502
90.67	92.641	43.202
90.987	93.038	43.884
91.321	93.455	44.547
91.628	93.856	45.232
91.904	94.241	45.94
92.174	94.586	46.669
92.463	94.883	47.413
92.769	95.153	48.16
93.06	95.393	48.922
93.314	95.596	49.709
93.549	95.793	50.502
93.83	95.991	51.281
94.202	96.137	52.032
94.477	96.297	52.821
94.594	96.499	53.64
94.63	96.722	54.46
94.669	96.944	55.281
94.714	97.168	56.102
94.807	97.431	56.906
94.947	97.731	57.69
95.129	98.058	58.455
95.335	98.408	59.203
95.545	98.792	59.934
95.746	99.264	60.613
95.948	99.736	61.292
96.152	100.3	61.897
96.377	100.92	62.439
96.634	101.57	62.927
96.889	102.24	63.388
97.128	102.89	63.887
97.425	103.47	64.43
97.837	103.99	64.966
98.325	104.46	65.478
98.827	104.88	66.023
99.364	105.23	66.584
99.914	105.53	67.154
100.42	105.83	67.771
100.87	106.12	68.432
101.3	106.4	69.113
101.76	106.64	69.781
102.26	106.86	70.437
102.74	107.05	71.11
103.15	107.2	71.841
