89.919	91.533	42.521
90.199	91.914	43.229
90.493	92.3	43.928
90.804	92.702	44.611
91.089	93.092	45.312
91.34	93.461	46.037
91.577	93.8	46.781
91.833	94.082	47.542
92.106	94.3	48.318
92.371	94.466	49.109
92.614	94.588	49.915
92.836	94.696	50.73
93.047	94.844	51.541
93.248	95.02	52.349
93.466	95.167	53.158
93.684	95.288	53.972
93.892	95.395	54.79
94.104	95.488	55.609
94.343	95.553	56.423
94.605	95.607	57.231
94.865	95.654	58.04
95.104	95.777	58.847
95.317	96.034	59.63
95.499	96.407	60.373
95.7	96.821	61.09
95.915	97.288	61.769
96.141	97.814	62.4
96.395	98.381	62.983
96.677	99.02	63.47
96.978	99.71	63.87
97.354	100.29	64.362
97.789	100.77	64.916
98.277	101.16	65.493
98.806	101.45	66.093
99.344	101.66	66.717
99.881	101.84	67.351
100.41	102.07	67.979
100.92	102.3	68.615
101.42	102.51	69.269
101.87	102.76	69.945
102.29	103.04	70.633
102.68	103.29	71.342
103.04	103.47	72.094
103.36	103.55	72.88
103.65	103.62	73.675
103.93	103.72	74.475
104.2	103.82	75.275
104.49	103.91	76.067
104.8	103.99	76.856
105.1	104.06	77.652
105.38	104.1	78.453
105.65	104.14	79.26
105.86	104.14	80.083
106.01	104.12	80.92
106.16	104.06	81.755
106.36	103.96	82.578
106.57	103.82	83.392
106.76	103.71	84.212
106.96	103.64	85.038
107.16	103.6	85.862
107.38	103.56	86.686
107.59	103.54	87.51
107.81	103.58	88.331
108.04	103.69	89.141
108.27	103.83	89.952
108.43	103.91	90.782
108.54	103.96	91.625
108.71	103.96	92.459
109	103.93	93.259
109.37	103.88	94.021
109.75	103.82	94.783
110.09	103.73	95.557
110.36	103.62	96.354
110.56	103.48	97.169
110.73	103.32	97.989
110.86	103.15	98.813
110.92	102.97	99.642
110.9	102.77	100.47
110.83	102.56	101.29
110.7	102.38	102.11
110.51	102.24	102.93
110.27	102.14	103.74
110.01	102	104.54
109.71	101.82	105.32
109.36	101.63	106.07
108.99	101.43	106.81
108.63	101.21	107.55
108.33	100.97	108.31
108.13	100.74	109.1
107.96	100.52	109.91
107.81	100.3	110.71
107.68	100.08	111.53
107.57	99.858	112.34
107.47	99.632	113.16
107.43	99.38	113.97
107.43	99.098	114.77
107.46	98.803	115.57
107.49	98.509	116.37
107.52	98.211	117.16
107.61	97.857	117.93
107.77	97.432	118.65
107.97	96.963	119.34
108.23	96.529	120.02
108.54	96.201	120.74
108.92	95.959	121.47
109.36	95.773	122.17
109.8	95.681	122.89
110.21	95.64	123.64
110.6	95.612	124.39
110.98	95.575	125.15
111.35	95.551	125.92
111.72	95.525	126.68
112.04	95.442	127.47
112.31	95.323	128.27
112.54	95.184	129.07
112.76	95.046	129.88
112.94	94.921	130.71
113.11	94.813	131.53
113.29	94.707	132.36
