89.896	91.805	42.095
90.174	92.186	42.803
90.466	92.569	43.505
90.773	92.967	44.192
91.078	93.367	44.879
91.351	93.749	45.589
91.589	94.112	46.321
91.843	94.42	47.073
92.113	94.667	47.841
92.393	94.858	48.622
92.663	95.007	49.415
92.906	95.111	50.224
93.138	95.261	51.028
93.378	95.442	51.824
93.623	95.621	52.619
93.832	95.791	53.427
93.985	95.962	54.246
94.129	96.12	55.07
94.278	96.261	55.896
94.451	96.403	56.717
94.651	96.56	57.53
94.867	96.74	58.333
95.088	97.015	59.107
95.31	97.364	59.851
95.532	97.773	60.564
95.752	98.261	61.226
95.961	98.849	61.807
96.37	99.063	62.521
96.832	99.026	63.235
97.286	99.003	63.953
97.763	99.154	64.641
98.267	99.382	65.286
98.803	99.604	65.908
99.342	99.788	66.539
99.888	99.978	67.162
100.43	100.17	67.792
100.92	100.4	68.44
101.38	100.67	69.107
101.78	100.99	69.788
102.15	101.29	70.49
102.53	101.56	71.205
102.92	101.8	71.92
103.33	101.98	72.644
103.74	102.09	73.38
104.14	102.19	74.122
104.52	102.28	74.878
104.88	102.34	75.648
105.22	102.38	76.425
105.55	102.39	77.211
105.86	102.35	78
106.17	102.26	78.79
106.45	102.12	79.58
106.7	101.97	80.38
106.92	101.85	81.193
107.11	101.71	82.012
107.3	101.55	82.825
107.5	101.39	83.636
107.73	101.28	84.449
107.99	101.24	85.259
108.26	101.26	86.065
108.5	101.27	86.882
108.7	101.27	87.707
108.91	101.26	88.534
109.11	101.25	89.359
109.32	101.26	90.184
109.54	101.28	91.006
109.77	101.3	91.825
110.03	101.32	92.635
110.31	101.35	93.438
110.6	101.34	94.239
110.85	101.28	95.05
111.02	101.18	95.877
111.11	101.05	96.713
111.18	100.9	97.549
111.24	100.74	98.382
111.29	100.55	99.21
111.3	100.33	100.03
111.26	100.11	100.85
111.17	99.882	101.67
111	99.701	102.49
110.78	99.578	103.3
110.52	99.431	104.1
110.25	99.243	104.88
109.95	99.029	105.65
109.65	98.797	106.41
109.34	98.553	107.16
109.06	98.307	107.93
108.84	98.059	108.71
108.66	97.785	109.5
108.53	97.468	110.28
108.43	97.157	111.06
108.36	96.872	111.86
108.31	96.593	112.67
108.29	96.32	113.47
108.28	96.077	114.29
108.29	95.873	115.12
108.34	95.659	115.94
108.46	95.446	116.75
108.65	95.264	117.56
108.91	95.091	118.35
109.2	94.92	119.14
109.52	94.757	119.91
109.88	94.616	120.67
110.25	94.489	121.42
110.63	94.381	122.18
111.01	94.291	122.93
111.38	94.193	123.69
111.75	94.074	124.45
112.11	93.956	125.21
112.45	93.859	125.98
112.78	93.766	126.76
113.07	93.655	127.56
113.32	93.511	128.36
113.6	93.35	129.14
113.92	93.192	129.91
114.25	93.034	130.68
114.6	92.895	131.44
114.99	92.749	132.19
